1.000000	-0.005580	0.025470	
2.000000	0.016688	0.483663	0.003448	-0.526559	
3.000000	0.538575	-0.372383	-0.537039	-0.413682	-0.059250	0.581618	
4.000000	0.492929	0.505974	-0.493647	0.512961	0.512191	-0.511224	-0.495237	-0.472705	
5.000000	0.533516	-0.494696	-0.368760	-0.000122	-0.516758	0.650764	-0.522378	-0.657742	0.528396	0.526865	
6.000000	0.666852	-0.399936	-0.674401	-0.606661	0.510609	0.566498	-0.531764	0.671434	0.062275	-0.652540	-0.355970	0.041788	
7.000000	-0.515039	-0.702390	-0.522474	0.659818	-0.708686	-0.023466	0.519390	-0.663531	0.465388	0.706663	-0.018612	-0.061236	0.683962	0.074949	
8.000000	-0.725929	-0.545616	-0.212360	0.001345	-0.711758	0.531114	0.670112	0.650351	-0.002561	0.685364	-0.048419	-0.673783	0.649034	-0.658206	0.600176	0.001950	
9.000000	-0.623431	-0.670375	0.706914	-0.638412	-0.724891	-0.008524	-0.103791	0.001295	-0.632733	0.672122	0.036062	0.671268	0.606954	0.002693	0.681062	0.644383	0.071330	-0.668171	
10.000000	0.690075	-0.650035	-0.672324	0.649862	0.656845	0.010544	-0.690341	-0.049650	0.078132	-0.760726	-0.642644	-0.702666	-0.020298	-0.269439	0.667994	0.663086	0.005369	0.776459	-0.009606	0.265575	
11.000000	0.041157	-0.775087	0.723860	-0.657696	-0.748697	0.096834	0.687509	0.696671	-0.647603	0.708641	0.276187	-0.262085	-0.035225	0.237104	-0.348477	-0.286680	0.060373	0.738520	-0.700115	-0.688941	0.726951	0.091970	
12.000000	0.704201	0.721129	0.778424	0.004918	-0.683329	0.288483	-0.699876	-0.768331	-0.699065	-0.284467	-0.048432	0.733659	-0.670518	0.771834	-0.072529	-0.714831	0.698829	-0.719291	0.303524	0.327259	0.294871	-0.307974	-0.177150	0.028356	
13.000000	-0.717587	-0.690224	0.668966	0.753706	0.652392	-0.774701	-0.113301	-0.771781	-0.282691	-0.213175	0.012160	0.770869	-0.782365	0.001580	0.751029	0.256872	0.737994	-0.244780	0.225752	0.233198	-0.699761	0.712699	0.236256	-0.370798	-0.317867	0.341186	
14.000000	-0.655105	0.237825	0.773048	0.738876	-0.665293	-0.763226	0.671370	-0.764221	0.780397	-0.268574	-0.763560	0.740006	-0.008469	-0.753256	-0.252433	0.718850	0.017735	0.207773	0.279339	0.708663	0.667775	0.231913	-0.775794	-0.273579	0.298690	-0.285872	-0.273486	-0.262318	
15.000000	0.706142	0.235510	0.721596	-0.747231	-0.780926	-0.641857	0.293498	0.739649	0.764165	0.753275	-0.753897	0.704047	0.776527	-0.268781	-0.310749	-0.762107	-0.210298	0.761706	0.252369	-0.243847	0.207200	-0.748506	-0.788554	0.019894	0.134397	0.253927	-0.288919	-0.257942	-0.362820	0.267302	
16.000000	-0.744732	0.260216	0.794408	-0.461909	0.753141	0.790510	-0.662676	-0.751280	-0.246071	-0.281703	0.752958	-0.022534	-0.247452	0.275871	-0.276503	0.752286	-0.766635	-0.239358	0.242779	0.728643	-0.768178	0.747159	0.295493	-0.324795	0.704604	0.385976	0.629612	-0.818608	-0.022594	-0.767582	0.216898	0.162886	
17.000000	0.736115	0.263600	-0.423345	-0.714493	0.271103	-0.228516	-0.733593	0.753859	0.377828	-0.735823	-0.743383	-0.271601	0.322710	0.737145	-0.782315	0.223822	-0.233647	-0.159954	0.187335	0.249465	0.743762	-0.235781	0.799287	-0.742106	-0.330852	0.340712	-0.813651	-0.763094	0.784951	0.751390	-0.190534	0.789320	-0.035386	-0.721958	
18.000000	-0.383493	0.458407	0.103386	-0.336807	0.328886	0.761771	0.735459	-0.300046	-0.786077	-0.217942	0.286240	-0.767715	0.778953	0.757547	0.766555	-0.766775	-0.170409	0.805760	0.362945	0.022514	-0.216894	-0.792229	-0.749004	-0.757530	-0.785009	0.258124	0.126151	0.382291	-0.230196	0.033790	0.758419	0.266366	-0.391144	-0.399408	-0.752555	0.766708	
19.000000	-0.746937	-0.237409	-0.814174	-0.740950	0.800474	0.187082	-0.751973	0.767986	0.766948	0.752076	0.349464	-0.045729	0.235761	0.784551	-0.054641	-0.781227	0.804923	-0.759881	-0.269058	0.761246	-0.442964	-0.714265	-0.426974	0.264338	0.208983	-0.420779	0.455062	0.419599	-0.819224	0.279788	0.008619	0.299841	0.402682	-0.779122	0.767543	-0.307832	-0.206832	-0.219990	
20.000000	-0.317595	0.082317	-0.740434	-0.252947	-0.744558	0.777524	-0.202483	-0.309185	0.748138	-0.389956	0.695216	0.396436	0.266347	-0.385393	-0.396366	0.473006	-0.176668	0.808522	-0.798600	0.272152	-0.028108	-0.769645	-0.813156	-0.755169	0.097425	0.398320	-0.436501	-0.735071	0.783217	0.004465	0.796637	-0.789198	0.270369	0.019496	0.300388	0.785983	0.770003	0.798526	0.381125	-0.801754	
21.000000	-0.364261	-0.061925	0.378793	0.779172	0.425054	-0.367918	0.253501	-0.801981	-0.044564	0.779527	-0.815060	0.771976	-0.758445	0.285189	0.756571	-0.787724	-0.503242	-0.478642	-0.783107	-0.778217	-0.261425	-0.818372	0.826961	-0.357816	0.159622	-0.016084	-0.025791	-0.426244	0.797942	0.814963	-0.444973	0.735641	0.267113	0.363404	0.758247	0.445098	-0.820685	-0.214709	-0.200923	0.313843	0.718219	0.054780	
22.000000	0.442215	-0.073334	-0.795818	-0.447639	-0.417804	0.462108	0.436115	0.388056	0.235056	-0.829183	0.780915	0.755980	0.824547	-0.241703	-0.358498	0.048796	-0.808584	0.355933	-0.781770	-0.055645	-0.759157	0.798611	0.811059	0.246310	-0.744504	-0.822454	0.295658	0.814990	0.059057	0.067330	0.480175	-0.496904	-0.246403	-0.797049	0.048739	-0.382160	-0.231811	0.829336	0.016023	0.479334	0.781620	-0.772179	-0.390448	-0.386745	
23.000000	-0.767362	0.763077	0.086582	-0.024644	-0.855015	-0.678073	0.108135	-0.791935	-0.800035	-0.177450	0.795256	-0.300445	-0.244865	0.817546	0.469189	0.015631	0.480275	-0.785659	0.485300	0.456338	-0.409489	0.464272	-0.492086	-0.399148	0.838443	0.216905	0.821893	-0.776654	0.038916	0.387642	-0.071939	-0.389588	-0.241153	-0.779087	0.364681	-0.393486	-0.591681	-0.837105	0.783550	0.768681	-0.353583	0.045525	0.246438	0.816852	-0.798205	0.281893	
24.000000	0.099433	-0.803542	0.424735	0.004085	-0.034709	-0.410549	-0.817214	0.812031	0.831586	0.239702	0.382661	0.812745	0.805373	-0.259490	-0.787735	0.054065	-0.811773	-0.368938	0.484390	-0.810360	0.030929	-0.002830	-0.772679	0.436137	-0.040598	0.805371	-0.457364	-0.511842	0.490228	0.429188	-0.446117	0.777229	-0.384992	-0.114201	0.802508	0.761284	-0.287329	-0.827795	0.829276	-0.743088	0.088388	0.412931	-0.333528	0.337141	-0.785707	-0.804981	0.399858	-0.417656	
25.000000	0.787957	0.814764	-0.834555	-0.327379	0.161720	-0.870554	-0.415166	0.816599	0.801332	0.010836	0.450558	0.322611	-0.014467	0.841654	-0.820156	0.756607	-0.450461	-0.454072	-0.095447	-0.184065	-0.562909	-0.027693	0.012937	0.494675	0.397223	0.772793	0.402285	-0.192709	-0.244559	0.169652	-0.785998	-0.799274	0.775481	-0.815283	0.811189	0.434199	0.028730	-0.527803	0.808512	-0.401506	-0.843178	0.231379	-0.487714	0.459191	0.433323	-0.628087	-0.324743	-0.824906	0.151090	0.118912	
26.000000	0.339867	0.497960	-0.437974	0.374529	0.826182	-0.017200	-0.788662	-0.800842	0.437023	-0.799483	-0.162666	-0.463159	-0.771542	0.018021	0.818286	-0.823865	-0.053162	0.763827	-0.799382	0.821462	0.495975	-0.255186	-0.842468	-0.403929	-0.516604	-0.382587	-0.420810	0.795371	0.240180	-0.485413	0.026073	-0.830078	-0.380687	-0.808810	-0.327910	-0.031146	0.789601	0.798878	-0.817957	0.440948	0.433130	0.124061	0.376498	0.840151	0.798164	-0.447630	-0.019381	0.303645	0.079751	-0.112401	0.792257	0.395849	
27.000000	-0.775033	0.804307	0.447784	-0.399689	0.795812	-0.180086	0.481023	0.568108	-0.185168	-0.144269	-0.791571	-0.828569	0.839643	0.459064	0.326619	0.238068	-0.370056	-0.802549	-0.106546	0.215113	0.246586	-0.108273	-0.821882	-0.450996	-0.264448	0.841220	0.774717	0.835450	0.806332	-0.529279	0.030794	0.535960	-0.819213	0.365954	-0.813205	-0.055159	0.239296	0.850900	0.000519	-0.474211	-0.462624	-0.402845	0.799943	-0.843615	0.396022	-0.801125	-0.481667	0.091289	0.743934	0.128341	-0.447653	0.521962	0.018847	-0.822893	
28.000000	0.489767	0.763563	-0.793520	0.387023	0.323011	-0.043732	0.384838	-0.807918	-0.809305	-0.820299	-0.809827	-0.449249	0.505028	-0.382988	0.416195	0.343081	0.774701	0.048168	-0.195206	0.833997	-0.504536	-0.266909	-0.020975	-0.825600	-0.832876	-0.018294	0.850892	-0.362618	-0.551108	0.824806	-0.849376	0.778578	0.801817	0.440278	-0.026514	0.216606	0.826853	0.824324	-0.432161	-0.803652	-0.427622	0.121261	-0.376764	0.487597	-0.237754	-0.508445	0.051066	0.532168	0.142234	-0.452352	0.788095	-0.788369	-0.095799	-0.137125	0.174906	0.829323	
29.000000	-0.802414	0.831460	0.765917	-0.091914	-0.333832	-0.521224	0.820317	-0.812594	-0.863323	0.483289	-0.436939	-0.208199	0.022832	-0.345870	0.437598	-0.808384	0.852149	0.747066	0.559926	0.835555	0.800449	-0.444186	-0.825073	-0.201210	-0.805653	0.135654	-0.174483	0.440127	-0.054413	0.026150	0.828845	0.292620	-0.370630	-0.851582	0.154369	0.359758	-0.767995	-0.517428	0.258179	0.764790	-0.800972	-0.840079	0.359895	-0.006173	-0.413023	0.130811	0.034756	-0.775303	-0.422891	0.812208	-0.547767	0.460721	0.405178	-0.422852	-0.070325	0.821065	0.513041	0.407475	
30.000000	0.364123	-0.802571	-0.039369	-0.179846	0.800031	-0.535782	0.512777	0.771605	-0.417457	-0.791462	-0.810130	0.115675	-0.012663	0.154821	-0.214086	0.442291	0.355306	-0.007503	-0.820331	0.821280	0.438248	-0.398922	0.773266	-0.848011	0.825517	0.470712	0.149434	0.494261	-0.060068	-0.823166	-0.125817	0.808022	0.828799	0.829198	-0.375286	-0.384745	-0.850558	0.466903	0.780612	0.119555	-0.539946	0.444931	-0.407974	0.029507	-0.466802	0.819629	0.077073	-0.500017	-0.782837	-0.217753	0.800962	-0.194698	0.462610	0.360796	0.211523	0.846840	-0.784902	-0.531984	-0.808737	-0.847655	
31.000000	0.849351	0.072519	-0.493193	-0.757645	0.207645	0.517875	0.841292	0.830337	-0.834905	0.787823	0.117869	-0.528019	0.523777	-0.825057	0.844821	-0.796386	-0.476850	0.144720	0.490848	-0.470962	-0.222540	-0.425794	0.816151	0.480928	-0.833239	-0.051927	-0.142226	-0.029811	-0.828366	0.368359	0.521134	0.309549	-0.793083	-0.458611	-0.469927	0.858416	-0.824250	-0.827158	-0.497897	0.531601	-0.135108	0.364698	-0.153301	-0.816274	-0.122624	0.773151	0.196212	-0.838903	0.199217	0.147286	0.833695	-0.375837	-0.503125	-0.239956	0.206068	0.855453	0.527129	0.771967	0.177397	-0.206206	0.532374	-0.090604	
32.000000	-0.483401	-0.523382	0.838161	0.821555	0.786263	-0.542570	-0.842666	0.825625	-0.510865	-0.143445	0.417221	-0.438269	-0.843549	0.019363	0.146792	-0.172506	0.035192	-0.537092	-0.789770	-0.805549	-0.528401	0.799131	0.030169	-0.846702	-0.190323	-0.297049	0.848515	0.144354	0.542450	0.268816	0.425310	-0.816231	0.798632	0.504120	-0.175976	0.826840	-0.164737	0.088860	0.843358	-0.217626	0.155369	0.831199	-0.013540	0.463345	-0.539251	0.210742	-0.354724	-0.832554	-0.833905	-0.391737	0.351381	0.528645	0.521939	-0.093940	-0.361793	0.476534	0.213626	0.155332	-0.816883	0.453961	0.505592	0.833169	0.814797	-0.846450	
33.000000	0.849521	-0.838452	-0.467307	0.516519	0.754773	0.477365	-0.814875	0.061136	0.041896	0.168886	0.317258	0.485771	-0.835999	-0.796968	0.447882	0.178730	0.556584	-0.158649	0.183996	0.824735	0.540059	-0.826654	-0.256436	-0.481165	0.517086	0.806254	-0.120763	-0.828835	0.436662	-0.485736	0.222598	-0.147808	-0.839894	0.803095	-0.514692	-0.151468	-0.385247	0.183348	0.830486	0.166676	0.846600	0.808982	0.852956	-0.179187	-0.818825	0.412271	0.802592	-0.511888	-0.852478	-0.353874	-0.078616	0.491743	-0.140552	-0.137535	-0.502006	0.836324	-0.596578	-0.527647	-0.159891	0.824963	-0.474686	-0.837785	0.083921	-0.476122	0.216468	-0.815147	
34.000000	0.357729	0.841612	-0.469212	-0.485876	-0.835352	0.113632	0.501721	-0.227291	0.762116	0.856075	0.463458	0.498678	0.851310	-0.453513	-0.483475	-0.143921	-0.353746	0.559751	-0.102042	0.847035	0.828261	0.570843	0.169009	0.214314	-0.507223	0.203791	0.163163	-0.156851	0.832168	-0.815227	-0.138588	-0.428321	0.501195	0.134315	0.114268	-0.829312	-0.844613	-0.856626	-0.526545	-0.826609	0.814236	0.260388	-0.157904	-0.059743	0.198169	-0.514058	0.088569	0.567861	-0.200222	-0.820490	-0.822986	-0.227339	-0.853777	0.821283	-0.785110	0.471057	0.829459	-0.083982	-0.179476	0.285119	0.479481	-0.854649	-0.824081	-0.548802	-0.516127	0.836055	0.536504	-0.551169	
35.000000	-0.131735	0.036609	-0.848347	-0.853239	0.474622	-0.848829	0.559304	0.565711	0.828941	0.817942	-0.383375	0.873953	-0.099051	-0.547217	0.531484	0.200116	-0.838325	-0.215415	0.498080	-0.175371	-0.541642	0.580459	-0.101459	0.342246	0.132322	-0.221223	-0.225225	-0.249229	-0.807504	0.846273	0.277381	-0.513486	0.835434	0.010753	-0.479348	-0.470897	0.053310	0.839061	-0.204099	0.619813	-0.845458	0.487183	-0.816240	-0.537805	0.123977	-0.825840	-0.470652	0.261526	0.832836	-0.810371	0.846507	-0.353086	0.211161	0.118619	0.854412	0.405245	-0.210698	-0.839004	-0.826447	0.127386	0.433798	0.849629	-0.513675	-0.088103	0.214974	0.497841	0.604595	-0.537129	-0.528302	-0.820894	
36.000000	0.091375	0.515647	-0.814474	-0.853948	0.340068	-0.849514	0.811125	0.282708	-0.812301	0.841882	-0.237827	-0.588650	-0.042954	-0.849833	0.477078	-0.241713	0.246502	0.832156	0.836208	-0.020508	-0.864440	0.487947	0.134092	-0.508497	-0.087747	0.845285	-0.149886	0.136344	-0.810983	0.167960	0.188411	0.210338	0.852838	-0.617044	-0.526063	-0.395594	-0.419080	0.838183	0.551129	0.825651	-0.184377	-0.243856	0.145256	-0.138619	-0.830806	-0.170254	0.504058	-0.576745	-0.832205	-0.537070	0.849123	0.870219	0.829468	0.584589	0.462798	0.479100	0.816886	-0.320920	-0.586193	0.581009	0.502424	0.099078	-0.473811	0.302988	-0.214507	0.506433	-0.466646	-0.818926	0.768873	-0.876267	-0.484193	-0.018940	
37.000000	-0.143590	0.851863	0.803389	-0.860401	0.807259	0.588517	-0.544954	0.102098	-0.819107	0.852972	-0.488729	0.452711	-0.315496	-0.151403	0.848326	0.019330	0.538344	-0.524642	-0.553265	-0.644112	0.824594	0.313152	-0.815762	-0.859229	0.023151	-0.856271	-0.855169	-0.494027	0.482442	0.502869	0.490853	0.179704	-0.155012	0.542033	0.170480	0.058913	0.506031	0.841819	-0.202413	-0.523299	-0.341489	-0.862955	0.286716	-0.270095	0.166639	0.403532	0.169095	-0.571875	0.841520	-0.295360	-0.476977	0.823767	-0.817895	0.555847	-0.026007	-0.210058	0.562161	-0.139421	0.428366	-0.844535	0.844346	0.864122	0.186578	0.800889	-0.186487	0.182748	-0.844987	0.226429	-0.848109	-0.129765	-0.572543	-0.299501	0.847008	-0.586592	
38.000000	-0.809940	0.856037	0.861696	0.180197	0.550488	-0.604910	-0.843971	-0.828276	-0.557627	-0.812571	-0.532840	0.203782	-0.303451	-0.127632	-0.407851	0.857244	0.819328	0.851609	-0.222972	0.233920	0.824748	-0.838952	0.436216	-0.871331	-0.465094	-0.465487	0.053757	-0.852766	0.104907	0.281753	-0.516905	0.545723	-0.122790	-0.467198	-0.861799	-0.135424	0.206053	0.586712	0.196985	-0.291698	0.488714	0.323452	0.223934	-0.587787	-0.844880	0.536473	0.380910	0.878146	-0.016201	0.857488	0.845087	-0.180117	0.311430	0.003416	0.602286	0.026161	0.560109	0.649024	-0.259709	-0.816945	0.535153	-0.301171	-0.820941	-0.480937	-0.167688	0.569447	-0.842151	0.201556	-0.019062	-0.057632	0.852028	-0.499018	0.841906	0.502218	-0.587291	-0.136458	
39.000000	0.226405	-0.842952	-0.330374	0.572371	0.168430	0.857970	0.528928	0.834798	-0.855864	0.190447	-0.851909	-0.488147	0.149415	-0.532735	-0.008071	0.117477	-0.505577	0.834807	-0.533074	-0.292142	0.823438	-0.130958	0.844853	-0.810665	0.842158	0.861903	0.270830	-0.027304	-0.548900	-0.605209	0.515983	-0.580009	0.044518	-0.244298	-0.557857	0.046572	-0.599693	0.408755	-0.260220	-0.107936	-0.221169	-0.481531	0.857678	0.554027	0.851222	0.209365	0.592061	0.457790	-0.291639	0.250223	0.830982	-0.461819	-0.106674	-0.817226	-0.835849	0.858833	0.322321	0.604298	0.463533	-0.270625	0.541755	-0.870325	-0.853400	0.547240	0.271522	0.294726	-0.429276	-0.867857	0.554885	0.094919	-0.843824	-0.148577	-0.150866	0.845752	-0.827559	-0.843958	-0.000797	0.495479	
40.000000	0.254134	0.820336	-0.650637	-0.550275	-0.594262	0.863120	0.543908	0.874972	0.295114	-0.562544	0.546092	0.269301	0.837097	-0.856090	-0.622819	-0.185380	-0.529814	-0.847897	-0.318568	0.816473	-0.145064	0.178955	-0.845253	0.038962	-0.587307	0.565446	0.569237	0.588704	-0.039414	-0.520967	0.287747	0.442462	0.114429	-0.851994	-0.290488	0.473738	0.224216	-0.234274	-0.855156	0.396026	-0.355756	-0.448247	-0.876366	-0.371384	0.553550	-0.350040	-0.039039	0.832645	-0.872281	0.795356	0.513940	-0.033188	-0.218500	-0.823237	-0.362098	-0.051105	0.460540	-0.873814	0.181717	0.114522	0.619153	-0.643704	0.847041	-0.190295	0.011456	0.493616	0.850198	0.138139	0.856583	0.824020	-0.539022	0.220906	-0.857906	-0.815052	-0.086497	-0.169122	0.856391	0.465328	0.869399	-0.505169	
41.000000	-0.089306	0.287350	-0.833158	0.836837	-0.867818	-0.847991	-0.863542	0.511061	0.856213	0.838347	0.021316	-0.855068	0.371051	0.578565	0.855229	-0.849556	0.312542	-0.181320	-0.863342	-0.529297	-0.482044	0.852825	-0.290607	-0.865515	-0.588239	-0.819533	0.211271	0.862629	0.581097	0.357929	-0.862142	-0.169994	0.083879	0.028559	-0.124239	0.852450	0.840894	-0.531910	-0.584191	0.540480	-0.303781	-0.282780	-0.069824	-0.577523	-0.226700	0.011275	0.575631	-0.001617	0.314320	-0.868796	0.546386	-0.403111	-0.612114	-0.405122	-0.461792	0.253263	0.287763	0.230292	0.840401	0.523487	0.857858	0.165691	0.558335	0.822534	0.009024	-0.281025	-0.821816	0.188038	-0.381144	-0.583003	-0.564506	-0.065089	0.262545	-0.554745	-0.267648	0.565159	0.838327	-0.198161	0.061710	0.553273	0.579048	-0.783978	
42.000000	-0.838774	0.188622	0.569596	-0.243620	-0.550301	-0.576492	0.862345	0.851229	0.245376	-0.195800	0.253648	0.360443	-0.040793	-0.821415	0.657792	-0.584798	0.832734	0.242863	-0.585936	0.001199	-0.102590	-0.239861	-0.841322	-0.470759	0.231482	-0.838992	-0.310426	-0.858053	-0.531058	0.850807	0.093000	0.076273	0.319411	0.757528	0.835270	-0.078362	-0.847724	0.838334	0.081906	-0.509163	-0.849672	-0.156185	-0.151859	0.288656	-0.315936	0.549301	-0.225299	0.840150	-0.868360	-0.817542	-0.238088	-0.536701	0.528105	-0.850234	-0.502543	0.284897	0.538610	0.455770	-0.257496	0.003031	-0.879014	0.502788	0.020318	0.552218	0.373388	-0.515068	0.853396	-0.840333	-0.595364	-0.864091	0.875343	-0.440942	0.845432	0.549756	0.494816	0.093842	0.577906	0.836620	0.071157	0.872546	-0.632698	0.560289	-0.480598	-0.277755	
43.000000	-0.563409	0.854901	-0.266115	0.323610	0.507702	-0.861732	0.574382	-0.005744	-0.873352	-0.433280	0.156500	-0.261040	0.883741	0.539180	-0.808438	-0.107124	-0.079414	0.061991	-0.303113	-0.502615	-0.325303	-0.811834	0.877374	-0.598266	-0.232522	0.858346	0.837410	-0.311640	0.609002	0.582000	-0.572036	0.261240	0.485421	-0.284991	-0.157813	-0.237404	0.793757	0.271993	-0.865678	0.178281	0.297081	-0.567506	-0.014856	-0.561600	0.598196	-0.575992	-0.855265	0.821654	0.872201	-0.006095	-0.456837	0.584463	0.113404	0.852643	0.285789	0.596563	-0.412590	-0.014106	-0.616459	-0.586929	-0.085883	0.585710	0.470912	0.865292	-0.540785	-0.290349	0.107567	0.325856	0.446123	0.301863	0.211177	-0.852538	-0.583347	-0.875196	0.830397	0.847979	-0.071925	-0.868251	-0.868669	-0.810919	0.255836	0.017890	-0.816657	0.501050	0.827928	-0.867556	
44.000000	-0.876123	0.138448	-0.366532	-0.835006	0.478426	-0.551332	0.326775	0.599542	0.868766	0.857478	-0.192364	0.613074	-0.846601	-0.551776	0.837688	-0.337355	0.567579	0.099819	0.542179	-0.850623	-0.850939	0.494056	0.073124	0.824263	-0.837527	0.840666	-0.634727	-0.038297	0.856325	0.559399	-0.067957	-0.245073	-0.000708	0.090647	-0.549104	-0.510090	-0.524664	0.589362	-0.533151	0.865096	0.850889	-0.866379	-0.840435	-0.251751	-0.635567	-0.834642	0.841339	0.255139	0.547520	-0.225235	0.304011	0.258646	0.257089	-0.053575	-0.229729	-0.523810	0.352861	0.881940	0.850705	-0.050041	-0.431351	-0.245646	0.574873	0.447819	-0.274507	0.323939	0.616456	0.798296	0.242147	-0.843367	0.094662	-0.579307	-0.881214	-0.844180	-0.072490	-0.845061	-0.225927	0.877079	-0.586378	0.281652	-0.311684	0.028847	0.056952	0.438221	0.255726	-0.341508	0.811351	-0.605322	
45.000000	0.851710	0.843785	-0.878085	-0.302727	0.861750	0.148347	-0.045252	-0.347979	0.443076	-0.564971	-0.582464	0.628399	0.234564	0.336900	0.123625	-0.586796	-0.438905	-0.881482	0.862722	-0.209482	0.519296	0.870853	0.338896	0.609528	-0.366143	-0.361528	0.584219	-0.326349	-0.828174	0.863237	0.174775	0.871074	0.256405	-0.852646	0.594651	-0.032963	-0.859965	-0.578648	0.583925	0.305053	-0.331342	0.208282	-0.581847	0.341051	0.578532	-0.833401	0.049513	-0.016112	-0.282321	0.533936	0.878892	0.499709	0.331952	0.075076	-0.563389	-0.635172	0.280679	-0.251624	-0.224831	-0.633039	-0.846003	0.249629	-0.552407	-0.001264	-0.627686	-0.317072	0.862815	-0.844560	-0.468428	0.867114	-0.235428	-0.088880	-0.061166	0.276961	-0.844975	-0.026884	-0.865869	0.546251	-0.070432	-0.874327	0.026913	0.586890	-0.158850	0.848677	0.833538	-0.530452	-0.824456	-0.862594	0.637173	0.606976	
46.000000	-0.322660	-0.336793	0.523281	0.287295	-0.252011	0.861885	-0.837404	-0.860444	0.476723	-0.863550	-0.845893	0.298681	-0.200123	0.322523	-0.149747	-0.860896	0.551775	-0.309670	0.583347	0.853469	-0.295003	-0.002903	-0.528523	0.176492	0.867577	0.850858	0.262788	0.020123	-0.554919	0.827773	-0.841705	0.008994	-0.282711	0.592280	-0.855805	-0.294202	0.307765	0.841141	-0.599127	-0.522987	0.305154	-0.579068	-0.845572	0.866695	0.851271	-0.155753	-0.837589	0.593720	0.858150	0.362123	0.163190	-0.847857	0.813648	-0.889558	-0.581170	-0.161269	0.872692	-0.661289	0.183400	0.327769	0.251032	-0.285689	-0.030956	-0.216845	-0.510634	-0.863435	-0.009934	-0.530568	0.546564	-0.023450	0.851960	-0.418124	0.425784	0.566339	0.841029	0.114141	0.056787	0.585681	-0.311701	-0.623238	0.033658	0.863485	-0.558821	0.471865	-0.867417	-0.585020	-0.024210	0.088397	0.782674	0.594592	0.602442	-0.606444	
47.000000	-0.815856	0.620180	0.576488	-0.357899	0.343493	0.346793	-0.532695	-0.637244	0.053133	0.294518	0.869964	0.602695	0.558675	-0.072499	0.264362	-0.277285	-0.362881	-0.370808	-0.848153	0.878183	0.140354	0.881421	-0.486073	0.577513	-0.531528	0.859598	-0.264716	0.161160	-0.858004	-0.831199	0.860316	0.332743	-0.049053	-0.319176	-0.558361	0.269268	0.279803	-0.852159	0.859262	0.044822	-0.268603	-0.109072	0.588089	-0.843431	-0.849952	0.091934	-0.239452	0.448396	0.300270	0.637107	0.127649	-0.566832	0.433278	-0.590517	-0.866105	-0.199027	0.507547	0.867357	0.017496	-0.011268	0.589357	0.557416	0.596753	0.219325	-0.179628	-0.593566	0.828757	-0.561533	-0.865255	-0.525820	0.000071	-0.863459	0.004578	0.605311	0.862959	-0.857048	0.289359	0.048391	-0.210863	0.839922	-0.628261	-0.350415	-0.300943	-0.855220	-0.590312	-0.893160	0.835180	0.865524	-0.562274	-0.046627	-0.848705	0.370894	0.859072	-0.250084	
48.000000	-0.083458	0.852407	0.006124	-0.340337	-0.372010	0.872196	0.677510	0.341795	0.294942	-0.329693	0.306679	0.550675	-0.151180	-0.593218	-0.597971	0.055540	0.490420	0.860603	0.878334	-0.875995	-0.872719	-0.837819	0.865810	-0.101244	0.592498	-0.853929	-0.619988	0.806694	-0.879810	-0.449748	0.021278	-0.051454	-0.861120	-0.124768	-0.432814	-0.555635	-0.869318	0.527116	-0.294072	-0.278292	0.318105	-0.033984	0.195943	0.845889	-0.874554	0.850552	-0.687632	-0.606838	-0.606020	0.472027	-0.123664	0.258633	-0.590121	-0.270982	-0.288373	-0.851813	0.886354	0.550541	0.605228	0.042210	0.601347	0.605014	-0.849023	0.214713	0.842928	-0.378973	0.148100	0.258531	0.508448	-0.568434	0.018811	-0.876326	-0.305761	-0.000447	0.832173	0.856938	-0.297908	0.584016	0.883421	0.197276	0.420429	0.267899	0.174434	-0.615895	0.319685	-0.857996	0.829448	-0.633577	0.015118	0.560286	0.586905	-0.255782	-0.407392	0.287618	-0.576000	-0.873575	
49.000000	0.598115	-0.867841	-0.851950	-0.565476	0.620985	0.598478	-0.363138	0.834409	0.859092	-0.067850	-0.840528	-0.857929	-0.187453	0.166372	-0.875268	0.816795	0.871552	0.529997	-0.257574	-0.493926	0.576941	-0.283830	0.044778	0.314207	-0.222536	0.537478	-0.260375	-0.822131	-0.879806	-0.271952	0.531722	0.879937	0.865237	0.219222	-0.096667	0.842577	0.020933	-0.624088	-0.259799	-0.167080	0.302242	-0.194484	0.565573	-0.583910	0.294351	0.107354	-0.676431	0.286344	0.303522	-0.838299	0.607654	0.301913	-0.873597	0.483508	-0.887938	0.112169	0.851204	-0.614024	-0.477167	0.044123	0.072958	0.591046	-0.572981	0.595495	-0.537278	-0.325514	0.297186	-0.500980	-0.409577	0.337336	0.008561	-0.882001	-0.542845	-0.614676	0.199235	0.879693	0.358990	0.657263	-0.545692	-0.882718	-0.705294	-0.082753	0.847772	0.854951	-0.627230	0.873982	0.328100	0.396859	0.036392	-0.027512	0.867072	-0.875094	0.853605	-0.359401	0.574327	0.007452	0.013526	-0.337931	
50.000000	0.513012	0.867422	-0.636042	-0.866324	0.259487	-0.599733	-0.325150	-0.212209	0.528694	0.292275	0.853273	-0.286464	-0.323417	0.800798	-0.838391	0.365900	-0.848805	0.877160	0.877259	0.586925	-0.567851	-0.596088	0.530208	-0.536980	-0.305636	-0.528827	0.581531	-0.275012	-0.398733	-0.849561	-0.023325	0.308555	0.243908	-0.317844	0.834700	0.862601	0.282021	0.526465	-0.870293	-0.398192	-0.034556	0.610264	0.093941	-0.853433	0.871749	-0.864028	-0.054388	-0.271091	0.874435	0.016180	-0.521098	0.244569	-0.592870	-0.322812	-0.834644	0.106389	0.354918	-0.867153	0.351707	-0.049609	-0.852238	-0.147728	0.846502	-0.576022	0.588006	0.588113	0.839433	0.309828	-0.064196	0.882810	0.622921	0.014045	-0.583694	0.846919	-0.238224	0.088017	-0.023081	-0.563253	-0.563335	0.551763	-0.165653	-0.847589	-0.557100	-0.032012	-0.846987	-0.633310	0.220548	0.837213	0.245288	0.224259	0.052298	-0.011541	-0.886322	-0.879150	-0.294568	0.450976	0.607321	-0.842474	-0.865809	0.624535	
51.000000	-0.484908	-0.872136	-0.831174	0.404993	0.395422	-0.284855	-0.877831	-0.430483	-0.803742	0.890577	-0.618701	0.195775	0.033845	0.616533	0.624252	-0.167237	-0.470027	0.407534	-0.162002	-0.877216	0.632109	0.588589	-0.309342	0.161435	0.353051	0.042848	0.842901	-0.869072	-0.822348	-0.895230	-0.885474	0.663203	-0.093638	-0.372505	-0.304500	-0.604196	0.523009	0.862627	0.857638	-0.610645	0.353142	-0.635204	0.133420	-0.134981	0.339056	0.623237	0.535435	-0.859267	-0.864283	-0.138515	-0.457894	0.880084	0.867235	-0.323852	0.627560	0.122570	0.844050	0.868291	0.171637	-0.435279	0.201397	0.343720	0.191856	-0.879211	-0.532951	-0.065976	-0.188774	-0.095037	0.002817	-0.653425	-0.601049	-0.619828	-0.374249	-0.325403	-0.645025	-0.323433	0.878297	0.590008	-0.865660	0.133206	0.608504	-0.505050	-0.604248	0.642523	-0.879103	-0.689071	0.872819	-0.027262	0.854527	0.297387	0.486764	0.347442	-0.124047	0.377400	-0.135254	0.869053	0.019055	0.120591	-0.281073	0.624971	0.191651	0.866593	
52.000000	-0.279054	-0.554893	0.881769	0.822750	0.207143	-0.276191	-0.872245	-0.885866	-0.483506	0.582236	0.875444	-0.849449	0.632377	0.886064	0.523512	-0.311934	-0.135019	-0.856932	-0.221143	0.041199	-0.563408	-0.543154	-0.615465	0.328804	-0.618391	-0.845177	0.905217	-0.516301	-0.102196	0.852215	0.647496	0.599460	0.882517	0.450185	0.022597	0.312480	0.629142	-0.867369	-0.008741	-0.572574	-0.836984	0.128470	0.844313	-0.226183	0.393375	0.821677	-0.874623	0.856415	0.369654	-0.868652	0.472761	-0.625277	-0.606735	-0.247209	0.619851	0.288111	-0.359918	0.851948	0.119033	0.607845	0.120306	-0.856135	0.060301	0.014155	0.366797	-0.044066	0.880805	0.105008	-0.890221	0.359423	0.374120	0.507513	-0.383557	-0.844423	-0.862548	-0.385376	0.319529	0.220273	-0.527334	0.043758	-0.616516	0.857843	0.253413	-0.554325	-0.170967	0.564768	0.697855	-0.566574	-0.305516	0.310475	0.625526	-0.012690	-0.806119	0.590784	-0.082269	-0.283363	-0.854687	-0.639993	-0.861886	-0.114193	-0.354370	-0.241426	0.156705	0.880497	
53.000000	0.023448	0.640283	0.594428	-0.841327	0.862900	0.845283	-0.870785	-0.626140	-0.839822	0.645836	0.870971	0.281516	0.851471	-0.278182	0.229982	-0.265908	-0.868526	0.143618	-0.414147	0.269953	0.584015	0.640162	-0.530171	-0.860814	0.039543	0.360246	0.608909	0.380789	-0.526384	0.598288	0.873810	0.563232	-0.857674	-0.373556	0.323920	0.266142	-0.279732	0.842837	0.849010	-0.005489	0.574980	0.892512	-0.341963	-0.055832	0.085359	-0.879076	0.657902	-0.536818	0.171145	-0.579020	-0.587674	-0.258780	0.013586	0.887866	-0.065720	-0.145234	0.344327	-0.847359	0.418725	-0.526800	-0.830817	-0.875991	0.565118	-0.230717	-0.336005	-0.607020	-0.668131	0.356204	0.113563	0.053536	-0.160028	0.170888	0.865237	-0.856002	-0.861459	-0.114307	-0.077879	-0.685262	0.295885	0.832286	-0.901624	0.415483	-0.570532	0.872625	0.598937	0.106377	0.884775	-0.560301	-0.319620	-0.337234	-0.222559	-0.890440	-0.045787	-0.406585	-0.600277	-0.557422	-0.240297	0.507385	0.305004	0.537089	-0.607576	0.040249	-0.852881	0.882124	0.374289	-0.025530	
54.000000	0.870240	0.369311	0.090395	0.523575	-0.147682	-0.178619	-0.893425	0.541805	0.865099	-0.241706	-0.877518	-0.626427	0.362456	0.081693	-0.351822	-0.381887	-0.556236	0.879861	0.569214	-0.873636	0.860623	-0.852252	-0.651516	0.655674	0.863242	0.883441	0.310074	0.884175	-0.642868	0.071914	0.888693	-0.543782	-0.402613	0.562784	-0.298063	-0.878902	0.593564	-0.069438	0.404073	-0.594318	-0.870784	-0.344492	0.611856	0.536688	0.117829	-0.074556	0.857262	0.645823	-0.154521	0.100503	-0.160944	0.375613	-0.145481	-0.589256	-0.273625	0.870663	-0.417285	-0.645443	-0.405499	0.247503	0.667766	-0.623388	0.632979	0.236902	-0.860371	-0.879918	0.030799	-0.354502	0.344100	0.640174	-0.393423	-0.067287	0.355302	0.360001	-0.618108	-0.236884	0.334827	-0.274397	-0.150946	0.645415	0.038109	0.851785	-0.599932	-0.853324	0.604655	-0.358819	-0.872211	-0.061601	0.864910	0.058151	0.587891	0.848602	-0.881523	0.232754	-0.650628	0.385487	-0.641083	-0.525325	0.265434	-0.865540	0.099770	0.219292	0.151386	-0.587496	-0.018219	-0.851093	-0.863544	0.859981	
55.000000	-0.410173	-0.567822	0.144318	0.864415	0.552864	0.308096	-0.141892	-0.018814	0.136014	-0.658495	-0.089163	0.350701	-0.623869	0.020133	0.617554	-0.268440	0.378965	-0.139160	-0.219874	0.626577	-0.883359	-0.517369	0.872750	-0.065982	0.013273	-0.886662	-0.654993	0.861859	0.880099	0.841402	0.636495	0.851746	-0.400949	-0.111221	0.248205	0.379095	0.874998	-0.620128	0.418216	-0.647471	0.850553	0.239037	-0.580591	-0.326927	-0.850743	-0.248849	0.637845	-0.537847	0.603695	-0.860705	-0.868572	-0.844487	-0.616901	0.309608	-0.115782	0.876945	0.863989	-0.873322	0.880597	0.512618	-0.850972	0.573459	0.394197	0.884107	0.039052	-0.416855	0.086602	-0.156831	-0.374410	0.425385	-0.551641	0.614503	-0.669055	-0.617038	-0.341882	0.175140	-0.868906	0.009948	-0.386540	0.865673	-0.569036	-0.864470	0.324894	0.110489	0.873908	-0.350819	-0.873858	0.287585	-0.887794	0.856681	0.618429	0.036371	-0.146936	-0.632623	0.643922	0.571956	0.327684	-0.396889	0.371260	0.619712	0.306147	-0.882574	0.067249	0.140952	-0.237182	-0.325411	0.064577	0.602939	-0.288925	-0.865935	
56.000000	-0.560025	0.868876	0.155325	-0.142303	0.892321	-0.465844	0.596006	0.883962	-0.254391	0.882058	-0.865950	-0.391017	-0.302521	0.107738	0.334521	-0.878609	-0.582792	-0.850811	0.181568	-0.631561	0.301353	0.087905	0.901546	0.482408	-0.343415	0.640614	0.454450	-0.610933	-0.073965	0.641052	0.316650	0.862933	-0.608696	0.583701	-0.318842	-0.391454	-0.623440	-0.266268	-0.134044	-0.154613	0.860121	-0.157116	0.635490	0.054321	0.618052	-0.331281	0.141595	0.322494	-0.872962	0.144895	0.887264	-0.842763	-0.867188	0.650290	-0.622162	0.018014	0.612621	-0.870768	0.884508	0.161339	-0.606485	-0.528485	0.664462	0.353459	0.457584	0.597123	0.712651	-0.618359	-0.274046	-0.882898	-0.383397	-0.647537	-0.399480	-0.138460	-0.861086	0.404542	-0.853442	-0.642589	0.011266	-0.382684	0.318901	-0.364837	-0.851204	-0.883374	0.040696	0.872075	0.881152	0.843212	-0.867786	-0.117917	-0.595036	0.281186	0.458436	-0.125299	-0.010696	0.097386	-0.109658	-0.628077	0.417783	0.313162	-0.117280	0.375837	0.036905	-0.879470	0.188350	0.579745	-0.369103	0.377391	-0.857227	0.886867	0.701307	0.638479	
57.000000	0.196412	-0.227482	-0.850921	-0.321020	0.856170	0.570654	-0.520931	0.888441	0.360094	0.860331	-0.678111	0.158320	0.879349	-0.643474	-0.884980	-0.037664	-0.141121	-0.614518	-0.859103	0.868384	0.598218	-0.857768	-0.447168	-0.891520	-0.064104	-0.117527	-0.654314	0.684427	0.856847	-0.884103	-0.218559	0.881468	0.687304	0.357134	0.225355	0.584927	0.513909	0.576782	0.154196	-0.600699	0.005834	-0.383766	0.890174	0.223251	-0.883899	0.267612	-0.116799	0.162446	-0.662381	-0.563567	-0.890421	-0.874133	-0.600780	0.409472	0.394559	-0.380345	-0.057552	0.453887	-0.204231	-0.866325	-0.412968	-0.628182	-0.406470	0.132487	0.638162	0.080851	-0.616073	-0.083731	0.877119	0.864536	-0.540814	-0.337209	0.878079	-0.076538	-0.321836	0.382088	0.321260	-0.872251	0.092500	0.883299	0.405035	-0.638139	-0.673574	-0.847607	-0.887873	-0.609523	0.414831	0.280965	0.186357	0.067749	0.421466	-0.060927	0.630807	0.840665	-0.877611	0.557892	0.646462	-0.537699	-0.355276	0.634691	-0.325234	-0.102732	-0.051776	0.684370	0.050998	-0.854276	0.156810	0.314546	-0.278448	-0.370186	0.634525	-0.236577	0.879764	-0.359875	
58.000000	0.886442	0.361597	0.347379	-0.869541	-0.360085	0.869062	-0.558482	-0.342212	0.634317	-0.354143	-0.093010	-0.622599	0.222713	-0.628971	0.013642	0.123868	0.155078	0.870106	-0.885245	0.391089	-0.873939	0.875788	-0.099804	0.882194	-0.847258	-0.889765	-0.888724	-0.662800	0.327798	0.628028	-0.120081	-0.122215	0.875723	0.880731	0.687089	-0.075791	-0.252100	-0.868467	-0.377129	-0.608860	-0.538371	0.634401	0.881191	0.071861	-0.256972	-0.356073	0.889769	-0.256816	0.401056	0.878277	0.674180	0.269954	0.159119	-0.136389	0.623542	-0.858027	-0.650003	-0.073456	-0.858176	-0.405905	0.547693	-0.599575	0.869039	0.626878	-0.643698	-0.624848	0.037162	0.638107	-0.380215	0.414606	-0.851765	0.135989	0.277315	0.127937	0.048806	-0.871673	0.852604	-0.565160	-0.542091	-0.874764	0.340936	-0.373963	-0.540462	0.163535	-0.841884	0.632273	0.602366	0.568181	-0.100184	0.390505	0.430230	-0.141203	-0.620446	0.867330	0.502643	0.113758	-0.259442	0.164322	-0.245470	0.635133	-0.387026	-0.087363	-0.649144	0.391525	0.041056	-0.387195	0.877279	-0.846958	-0.882514	-0.150099	0.636218	0.850970	0.425338	0.375387	0.166810	0.389916	
59.000000	0.629674	0.889440	0.586278	-0.886018	0.135792	0.626859	-0.417237	-0.007534	0.305155	-0.883160	-0.674005	0.114854	-0.667053	-0.695069	-0.642192	0.840365	-0.880198	0.602038	0.648274	0.081732	0.083525	-0.447582	-0.873051	-0.866634	0.364313	-0.402426	0.630060	0.635830	-0.291459	-0.879046	-0.648937	0.520183	-0.562833	-0.899734	0.646629	-0.401964	-0.891201	-0.012369	-0.209582	-0.499528	-0.198108	0.170788	0.843569	-0.212121	-0.127141	0.879073	0.903585	-0.508725	0.206325	-0.652710	-0.619226	-0.440474	-0.636580	-0.162137	0.026033	-0.891803	0.387767	0.560429	0.377540	0.082023	0.131946	0.883643	-0.086378	-0.692645	-0.003476	0.369197	-0.421845	0.615398	-0.376416	-0.296758	0.467873	-0.647462	-0.272946	0.409884	0.870712	0.572750	0.571728	0.349666	0.258197	0.333725	0.861500	0.310076	-0.149187	-0.081578	-0.863791	0.301975	-0.077092	-0.283363	-0.875404	-0.301043	-0.494678	0.287073	-0.887025	-0.575552	-0.879625	0.868563	0.198042	-0.169879	-0.389341	0.879134	-0.137599	0.637875	0.877071	-0.864630	0.375508	0.849024	-0.411098	-0.639862	0.507580	-0.162493	0.877445	0.044191	0.091694	0.085488	0.724953	-0.670692	0.884268	0.852749	
60.000000	-0.851363	-0.648444	0.885787	-0.878081	0.439913	0.365031	0.872776	-0.043283	-0.570981	0.394480	-0.872251	0.595041	0.123446	-0.100663	-0.855383	0.357021	-0.161539	-0.864051	0.857756	-0.626654	-0.153683	0.661411	-0.627568	-0.097660	-0.404825	-0.854234	0.539102	-0.657094	0.392170	-0.127907	-0.626554	0.894832	0.100591	-0.868424	-0.298100	-0.564709	-0.876104	-0.154302	-0.854518	0.103185	0.888566	-0.333001	-0.890860	-0.882731	0.422392	-0.398623	-0.376340	0.855531	-0.102825	-0.325755	0.422364	0.879899	-0.616987	-0.365127	0.660527	0.871832	0.182680	0.383292	0.882902	0.849306	0.598729	0.087282	-0.107797	0.888656	0.880613	0.236034	0.645167	-0.874624	-0.387219	-0.010445	0.876760	0.556119	0.641892	-0.182623	-0.148872	-0.047307	0.163545	0.884542	-0.880647	-0.406460	0.370073	-0.875581	0.335267	0.622157	0.605727	0.618839	-0.614082	0.655791	-0.647789	-0.869526	-0.874592	0.859597	-0.571957	-0.615316	0.252362	-0.623803	0.679289	0.354254	0.162354	-0.360475	-0.356508	0.531648	-0.583296	0.169727	0.010125	0.163414	-0.029232	-0.593210	0.305308	0.133558	-0.366623	-0.285273	-0.280783	0.246863	0.666029	-0.449273	-0.077401	0.415559	0.085506	0.639252	
61.000000	0.612267	0.577046	-0.650663	0.709878	-0.372005	-0.847174	0.312777	-0.630882	-0.395540	-0.196207	0.881868	0.409251	0.089913	0.391875	0.874840	-0.144992	-0.045292	0.167064	0.661158	-0.861594	0.105191	-0.138531	0.865806	-0.642976	0.204396	0.124931	-0.362749	0.108680	-0.107899	-0.871871	-0.629951	-0.351364	-0.877410	-0.414185	0.169703	-0.880860	-0.632992	0.194092	0.656623	-0.005040	0.603045	0.862413	0.890744	-0.883169	0.872432	0.890243	-0.437596	0.369829	0.847721	0.659947	0.098954	-0.404709	-0.251684	0.875114	-0.630462	-0.873769	0.861792	-0.399367	0.022868	0.875284	-0.874549	-0.176364	-0.665582	0.473298	-0.594833	-0.625931	0.370739	-0.107043	0.613129	-0.281741	0.876988	0.133884	0.427087	-0.868725	0.457704	0.139585	-0.118727	0.627736	0.142782	0.631689	-0.893277	0.610386	0.645937	0.315374	0.318954	0.881601	-0.144828	-0.312256	-0.882690	-0.883549	-0.873849	0.072889	0.366403	0.380910	-0.860100	-0.648435	-0.395113	0.621961	0.584628	-0.576553	0.054263	-0.654889	-0.858096	0.883531	-0.389064	-0.481084	-0.886289	0.332650	-0.158150	-0.056358	0.382716	0.638345	-0.628070	-0.066923	-0.527143	0.891268	-0.200310	0.378185	0.356336	-0.366951	-0.183055	-0.589586	
62.000000	0.333153	0.869981	0.557642	-0.091755	-0.887212	-0.674853	0.294642	-0.877765	0.862872	0.048802	-0.375883	0.251784	-0.395789	0.685120	-0.869548	0.110420	0.192747	0.620443	-0.635705	0.206162	0.244020	-0.124065	0.114627	0.087323	-0.532424	-0.886754	-0.104049	0.205153	0.849792	-0.886116	-0.086667	-0.619178	0.374628	-0.343359	0.698907	0.689915	0.875383	-0.669699	0.414054	-0.620324	0.863958	-0.178976	-0.879226	-0.435564	-0.670311	0.673128	-0.100531	0.678471	0.882470	0.301447	0.037599	-0.862490	-0.344068	-0.672871	-0.393460	-0.202022	0.172058	-0.597429	-0.541578	0.890744	0.090476	-0.343672	-0.610569	-0.054136	-0.021059	0.447267	-0.625097	-0.641590	-0.183081	-0.363440	0.379895	0.110428	-0.865765	0.376105	0.870309	-0.423515	-0.893018	0.623035	0.179567	0.326716	-0.278045	0.463833	0.627581	-0.327762	0.877403	0.866849	0.461193	0.634398	-0.572946	0.451927	0.667057	0.441548	-0.874257	-0.152766	-0.337400	0.032966	-0.082486	-0.099440	0.627586	0.175912	-0.451092	-0.450275	0.572920	-0.864743	0.413997	0.387365	0.896319	0.572483	0.597978	0.890047	-0.228583	-0.887486	-0.667850	-0.325505	-0.849291	0.884389	-0.834822	-0.893931	-0.231556	0.887468	0.646285	-0.587855	0.058455	0.886291	
63.000000	-0.611732	0.237487	0.124074	-0.849353	0.832744	-0.419434	0.317675	0.108925	-0.885749	-0.874036	-0.101302	0.680879	-0.674220	-0.328809	0.891778	0.902855	0.882081	0.472384	-0.435222	-0.272563	0.578746	0.085306	0.376559	0.599326	-0.894345	-0.379686	-0.646095	-0.855788	0.021119	-0.305983	0.868489	-0.881562	-0.851573	0.639337	0.029433	-0.584049	-0.251878	0.874298	-0.666063	0.851499	0.084434	0.190749	0.615249	-0.876558	0.664400	0.873960	0.525289	-0.407264	-0.883189	-0.106475	-0.872192	0.138669	-0.394741	0.022734	0.677417	0.340291	0.348900	-0.147342	0.125321	0.615026	-0.327851	0.597312	-0.398235	-0.874677	0.365828	-0.874986	-0.865283	0.396336	-0.121571	-0.880194	-0.463489	0.846795	-0.097962	0.421793	0.331145	-0.623971	0.080131	-0.068525	0.449217	0.345755	0.632600	-0.175670	-0.837178	-0.630431	0.624668	-0.635211	-0.580767	0.541870	-0.887475	0.882180	-0.003913	0.894015	0.880389	-0.650450	0.865494	0.689401	-0.362843	0.325447	0.223529	0.866338	-0.196736	-0.147579	0.616580	0.612390	0.444091	0.870777	-0.643473	-0.049883	-0.208215	-0.422581	0.245972	-0.379660	0.195827	0.389068	-0.152438	0.139344	0.888954	-0.203860	0.845518	0.018732	-0.530677	-0.571789	-0.263388	-0.652458	0.886534	0.233928	
64.000000	0.883726	-0.338093	-0.647227	0.679738	-0.689025	-0.572965	0.652345	-0.000795	-0.252240	0.872067	0.843540	0.890799	0.248619	0.123602	0.029886	-0.623302	-0.067816	-0.364944	0.409042	-0.884913	-0.880753	-0.424753	-0.371993	0.399848	0.422292	0.628252	-0.625368	0.434714	0.668343	0.663655	0.146462	0.630290	-0.468575	-0.583813	-0.000448	0.869963	-0.806124	0.907029	-0.131817	0.351742	0.871346	0.430508	-0.864900	0.054369	0.138621	-0.877142	-0.904656	0.724862	-0.503869	0.891354	0.893359	-0.868119	0.864490	-0.621412	-0.603302	-0.325412	0.898995	0.665732	-0.327496	-0.351774	0.616252	-0.226560	-0.565146	0.172327	0.674214	-0.455720	0.113099	0.363910	0.094860	-0.120738	-0.169622	-0.106126	0.884811	-0.078065	0.621069	0.397753	-0.305139	0.137730	-0.619652	-0.857911	0.289920	-0.639480	-0.123568	-0.872804	0.356701	0.391586	0.542255	0.884256	0.516766	0.160078	-0.129109	0.609854	0.369356	-0.115992	-0.374326	-0.866529	-0.656399	-0.065193	0.417004	-0.393075	-0.891522	-0.678889	0.861877	0.189780	-0.028952	0.120720	0.181718	-0.375857	0.262753	0.881227	-0.424997	-0.103389	-0.871997	0.502696	-0.386878	0.647311	-0.864669	-0.897870	-0.853805	0.270850	-0.222384	-0.609779	-0.868421	-0.200583	0.554906	-0.656835	0.671659	-0.877708	
65.000000	0.549511	0.891022	-0.046501	-0.621903	0.605993	-0.878530	-0.222194	0.663228	0.683335	0.305928	-0.874776	0.875957	-0.627672	-0.656392	-0.177407	-0.030838	0.218610	-0.646794	-0.890415	-0.846473	0.891651	-0.638673	0.427896	-0.437490	-0.874703	0.037006	-0.660186	-0.895654	-0.684329	0.441848	-0.855741	0.616917	-0.205284	0.426041	0.095233	0.686363	-0.450864	-0.451712	0.666107	-0.351754	0.881403	0.651436	0.129566	-0.425102	0.088650	-0.869002	-0.646531	-0.089219	-0.359046	0.886413	0.180347	0.223936	0.671822	-0.608153	0.865536	-0.882899	0.244899	0.897093	0.028963	0.472650	0.516433	0.454231	0.089604	-0.010245	-0.525449	0.656121	0.369321	0.673075	-0.418340	-0.877610	0.879210	0.415026	0.883561	0.132542	-0.072729	0.887882	0.349765	0.001161	-0.877610	-0.559147	-0.884443	0.309578	0.272542	0.445408	-0.441767	0.420859	-0.329875	-0.652371	-0.308583	0.205003	-0.632304	0.870564	-0.673524	-0.365110	0.438743	0.212621	0.884827	-0.385655	-0.184177	-0.409460	-0.166262	-0.872547	-0.378006	-0.223213	0.343054	-0.893130	0.645064	0.036050	0.535117	-0.167014	0.451290	-0.686223	0.866445	-0.142232	-0.885045	-0.260808	-0.609608	0.192564	0.647337	0.647143	-0.428773	0.016108	-0.025729	-0.225189	0.843574	0.884061	-0.059498	0.216636	0.270585	-0.224835	
66.000000	-0.111109	-0.095477	-0.857923	0.887724	0.224940	0.884329	0.894548	-0.341935	-0.282258	-0.652273	-0.886585	-0.346309	0.655149	0.726145	-0.396881	0.001487	-0.619903	0.389927	-0.589702	-0.891485	0.467735	0.242233	-0.154194	0.635962	0.404456	-0.703391	0.834411	0.917268	0.858259	-0.883526	-0.878770	-0.103192	-0.883712	0.165149	0.876931	-0.116855	-0.438329	-0.455163	0.240473	0.176942	0.694155	0.304373	-0.066569	-0.886508	-0.876560	0.410656	0.312610	-0.274989	-0.669571	0.084130	0.373558	0.684274	0.104766	0.656249	0.005827	-0.663516	0.047160	-0.340558	-0.329298	-0.240590	0.606746	-0.207487	-0.859106	-0.870858	0.471646	-0.462956	-0.304780	0.431586	-0.672226	-0.428678	0.694394	-0.438379	0.014381	0.131719	-0.607959	-0.187200	-0.332906	-0.873837	0.648267	0.039127	0.903980	0.726432	0.501597	0.906747	0.541980	0.505211	0.007913	0.396393	-0.315996	0.880141	-0.590207	-0.661259	-0.198917	0.204370	0.225750	-0.877110	0.397480	-0.032582	0.547618	-0.901727	0.144594	-0.082221	0.830989	0.538185	0.885067	0.120709	0.277184	0.443510	-0.669047	0.639556	-0.587869	0.879611	-0.874852	-0.612891	-0.464414	0.227853	-0.889111	0.654241	0.207551	-0.548989	0.892705	-0.612127	-0.163053	-0.437498	-0.059731	0.878010	0.914977	0.351008	-0.433364	0.651281	0.660980	-0.686701	
67.000000	-0.876261	0.402585	0.899631	0.600844	0.886962	-0.634017	-0.628733	-0.677037	-0.623304	0.124826	0.446780	0.658363	0.644027	-0.027815	0.072241	0.863373	-0.393518	0.213295	0.453606	-0.695534	0.418031	-0.160622	-0.157799	0.085091	-0.184616	-0.876970	-0.628849	0.400211	0.179141	0.376023	0.589816	0.892317	-0.438886	-0.522756	-0.013153	-0.430305	0.879168	0.105531	-0.562919	0.647343	-0.881444	-0.340727	0.634114	-0.299256	-0.051199	-0.152262	-0.892645	-0.085140	0.892126	-0.885870	-0.853860	0.638353	-0.401528	-0.837002	0.877903	0.349775	-0.656777	-0.123363	-0.027221	0.590178	-0.661398	-0.419590	0.688198	-0.834627	-0.886988	0.880350	-0.343672	0.453402	0.420224	0.386184	0.872907	0.876541	0.417352	-0.453808	0.262408	-0.873740	-0.407687	0.867231	0.872987	-0.153651	-0.374434	-0.054193	-0.878350	-0.610287	-0.647900	0.874168	-0.466814	-0.269583	0.639269	0.220150	0.047324	-0.876308	-0.233849	-0.322086	0.193795	-0.059657	0.495218	-0.911618	-0.108711	0.340924	-0.873317	-0.872363	0.090794	0.149078	-0.875059	0.165028	0.652462	0.474577	0.320028	0.886788	-0.620922	-0.896411	0.699694	0.692552	0.209945	-0.617603	-0.157322	0.878640	-0.244029	-0.602077	0.652539	-0.557392	0.385120	0.122747	0.199301	-0.327673	0.879126	-0.387941	0.216054	0.629878	-0.023514	-0.659548	-0.256927	0.661098	
68.000000	0.305008	0.215035	0.108171	-0.881442	-0.388265	0.669320	0.865281	0.162699	-0.626112	0.057004	0.879227	-0.868537	0.030334	0.881921	0.886159	0.645236	0.461043	-0.657859	0.894179	-0.093178	0.417589	-0.188556	-0.884973	-0.312063	0.412065	-0.429290	-0.032111	-0.673681	-0.844414	0.892479	-0.264308	0.901379	-0.439515	-0.398762	-0.883023	-0.861673	0.058060	0.126675	0.215390	-0.049759	0.876767	0.399869	0.413374	0.681905	-0.165996	0.235655	-0.016757	-0.446415	0.596238	0.262886	-0.874332	0.411224	-0.646052	0.606731	-0.621405	0.323544	-0.867131	-0.067424	-0.702454	-0.671411	-0.557481	0.882973	0.654409	-0.228738	-0.675888	-0.443657	0.143808	0.633015	0.100805	0.383312	-0.252289	-0.608741	-0.628321	-0.201524	0.457004	0.039797	0.617786	-0.890920	-0.871282	0.170974	0.652993	-0.452873	-0.158822	-0.028117	0.214447	-0.632042	0.661561	0.708050	-0.630472	-0.888577	0.373160	0.447470	0.641268	0.494126	-0.134803	-0.884602	0.360785	-0.885505	-0.142445	0.474656	0.561008	0.902014	-0.396044	0.414890	0.284454	0.877306	-0.888122	0.663158	-0.487112	-0.646496	0.858400	0.892002	-0.375429	-0.875175	0.890350	-0.602680	0.674861	0.004180	0.883696	-0.349710	-0.393022	-0.118522	-0.128974	0.696309	0.008561	-0.181054	-0.386175	0.139896	0.201676	-0.339564	-0.902256	-0.577675	0.684474	-0.675889	-0.219990	-0.321123	
69.000000	0.255278	0.041204	-0.650437	0.180133	0.615194	0.878195	0.645542	-0.207739	-0.067024	0.674472	-0.882836	-0.462726	0.247498	-0.645626	0.888985	-0.867760	-0.468715	-0.580874	-0.887792	0.870268	0.292382	0.417746	0.215005	-0.199276	-0.867961	0.618434	-0.686923	0.424874	-0.587208	0.660310	-0.616348	-0.341562	-0.406212	0.173555	0.886241	0.184204	-0.047312	-0.220347	-0.620713	-0.858496	0.688990	0.309106	-0.153739	0.228706	-0.340927	-0.320260	-0.317244	0.671137	0.894695	0.679227	0.719823	-0.688038	-0.138333	-0.873088	0.138926	-0.426517	0.435766	0.202582	-0.001896	-0.655322	-0.688299	-0.601803	0.403177	-0.389780	-0.381418	-0.867226	-0.895950	0.329924	0.629185	-0.895877	0.377886	-0.884117	0.867387	0.893066	-0.894031	-0.698861	-0.477504	-0.073615	0.896835	-0.566406	0.652232	-0.455683	0.351069	0.893532	-0.888762	-0.225059	0.885665	-0.309620	0.642507	0.061369	-0.665513	0.888454	0.197345	0.668657	0.535762	0.448429	-0.862386	-0.901304	-0.207795	0.449117	-0.702590	-0.087501	-0.170404	0.890457	-0.419079	0.886412	0.486999	-0.661308	0.111544	0.227533	0.435971	0.671563	-0.888566	0.064297	0.684202	0.636090	-0.449247	0.429704	-0.238476	-0.041004	0.887089	0.444877	0.114009	-0.881768	0.003616	0.010845	0.876447	-0.063348	0.089384	0.888578	0.444050	-0.107088	0.043187	0.458270	-0.118032	-0.432682	-0.254329	-0.628501	
70.000000	-0.245536	-0.884156	0.576019	0.892378	-0.869238	0.887265	0.851492	-0.408349	0.279543	0.184536	0.899936	0.356412	0.266615	-0.467368	-0.162355	0.074935	-0.881509	-0.142199	-0.471601	0.373168	-0.687775	0.736476	-0.151864	0.691254	-0.289000	0.882731	-0.191362	-0.339551	-0.286313	0.498853	-0.860816	-0.891820	0.594535	-0.891424	0.603339	-0.261186	0.449674	0.394143	-0.245054	0.269644	-0.061155	-0.726286	0.290451	0.890728	0.364532	0.647308	0.195656	0.432056	0.326741	-0.891171	0.906267	-0.636619	-0.426856	0.099475	0.860279	0.875058	-0.649860	-0.508179	-0.876943	-0.382323	-0.048810	0.443962	-0.552805	0.900531	-0.877603	0.358373	0.869918	-0.881100	-0.657583	0.228912	0.676384	0.464452	0.078874	-0.279268	-0.889868	0.104799	0.878292	-0.176767	0.038491	0.209631	0.532498	-0.458022	0.508613	0.150959	-0.434794	-0.683562	-0.898152	0.609390	0.398568	-0.052491	-0.680352	-0.739104	0.008101	-0.500236	0.187044	-0.688663	0.702213	0.237952	-0.667243	0.502249	-0.534110	-0.907119	-0.384881	-0.137059	0.438247	-0.675757	0.664073	-0.037684	0.059862	-0.907630	-0.425621	-0.409131	-0.006517	0.897332	0.690758	-0.653193	0.144698	-0.028157	-0.892744	-0.625366	-0.629248	-0.261395	-0.232960	-0.591419	-0.444112	0.664067	0.329064	-0.245341	0.104904	0.672177	0.882811	0.633150	0.615416	0.671169	-0.101765	-0.121017	-0.654952	-0.022951	0.895962	0.085560	
71.000000	-0.889026	-0.455480	0.866546	-0.646044	0.908263	-0.175395	-0.680278	0.440844	-0.066432	-0.359502	-0.687665	-0.876979	0.127707	0.073275	0.845275	0.904487	0.644075	-0.468017	0.219750	-0.873880	0.629823	0.172596	-0.427847	0.036219	-0.700701	0.897658	0.260913	0.587765	-0.887643	0.307551	0.011425	0.904482	0.683966	-0.879193	-0.633837	-0.608529	0.347929	-0.603561	-0.666111	0.677996	-0.703388	-0.346689	-0.289148	-0.188625	0.877631	-0.411173	0.021753	0.495468	0.564155	0.891869	-0.124367	-0.640572	-0.661152	0.172002	0.881888	0.497288	-0.432401	0.610236	0.292202	0.878727	-0.172066	0.668839	-0.249139	0.886014	0.896682	-0.884247	0.683585	0.676973	-0.138157	0.010083	0.846531	0.029208	-0.615266	-0.112082	0.435859	0.372720	-0.480351	-0.368335	-0.903430	0.861078	0.198509	0.319176	0.459919	0.659803	0.443505	-0.875772	-0.877202	-0.679553	0.280221	-0.151555	0.651721	0.442322	0.443821	-0.350853	-0.870651	0.053353	-0.239714	0.439629	0.875946	0.260065	0.526826	-0.077089	0.181357	-0.387486	-0.281455	0.211162	-0.472379	0.872343	-0.255039	-0.874014	0.031288	-0.151300	0.692991	-0.230355	-0.480524	-0.867466	-0.885930	-0.184399	-0.898823	-0.895862	0.899541	0.712748	-0.384421	-0.643361	0.083640	0.725231	-0.894337	0.579412	0.377812	0.117170	-0.268271	-0.446444	0.586555	-0.661814	-0.021255	-0.874895	-0.476539	0.336224	0.096454	-0.629226	-0.052576	0.249538	
72.000000	-0.128053	0.884055	-0.646783	0.456115	0.702446	-0.637197	-0.887648	-0.358017	0.310258	0.006506	-0.348497	-0.153246	0.612910	0.878324	-0.369897	0.885341	0.871721	0.884898	-0.175328	0.024524	-0.447744	-0.600940	-0.649420	-0.150373	0.054200	-0.419471	0.886621	0.414991	0.068266	0.027231	-0.627324	0.220064	0.363435	0.881398	-0.333740	0.203809	0.881429	-0.875994	-0.885520	-0.873127	-0.883992	-0.127681	0.231864	-0.684006	0.705615	0.621994	0.373890	0.428677	-0.450916	-0.352141	0.100158	-0.894360	-0.031066	0.666499	-0.859974	0.914979	0.694730	-0.225865	-0.645833	-0.893897	0.885665	0.171832	0.478271	0.635697	0.874494	-0.381675	-0.658508	-0.671914	-0.240612	-0.673991	-0.042255	0.246299	-0.514318	0.027904	-0.852692	0.082264	0.085843	0.454618	0.294515	-0.450529	0.909872	-0.618565	0.898062	-0.105100	-0.189095	0.427422	0.379643	-0.891822	0.572187	-0.427990	-0.095987	-0.202389	0.481362	0.190188	-0.424939	0.418528	-0.892847	0.507738	0.698978	0.067070	-0.910714	0.722693	0.225245	0.655206	-0.004169	-0.658750	-0.673416	-0.430054	-0.887985	-0.622334	-0.203421	-0.432896	0.166481	-0.201895	-0.604908	0.900084	-0.414726	-0.871032	-0.278464	0.649042	0.527963	-0.065749	-0.719092	0.694013	0.908375	0.656095	-0.158569	-0.889200	0.116095	0.890912	0.465461	-0.653255	0.641857	0.360107	0.634806	-0.883177	-0.505589	0.663129	0.410837	-0.248029	0.220441	0.242044	-0.874794	0.300116	
73.000000	0.093476	-0.018438	0.024239	0.392710	0.657629	0.895483	-0.496623	-0.323298	0.388089	-0.035044	0.900465	-0.874314	0.873237	-0.630280	-0.027129	-0.889413	-0.465986	0.872885	-0.230001	0.401410	0.670969	-0.458570	-0.432381	-0.078547	-0.896516	-0.890472	-0.880653	-0.659294	0.217367	-0.885140	0.698747	-0.875423	-0.902484	0.890914	0.432137	0.209488	0.267999	-0.224843	-0.633549	0.157080	-0.183208	-0.033791	0.879847	0.630442	0.200601	0.883824	-0.173285	-0.677204	-0.003521	-0.235025	-0.470478	0.404672	-0.883217	0.267570	-0.886482	0.497189	-0.430189	-0.701601	-0.016915	0.872387	-0.128943	0.629739	0.169222	-0.443560	-0.372592	0.638083	0.865871	-0.148419	-0.891996	-0.435952	0.485635	0.455502	0.618278	0.678709	0.074155	-0.664122	0.426189	0.884570	-0.257494	-0.273902	-0.367223	0.163026	0.672796	0.241030	0.886911	-0.373666	-0.689915	-0.857157	0.890252	0.873642	0.707679	0.470773	-0.086615	0.184704	0.883376	0.097792	0.600375	-0.227407	0.354617	0.658585	-0.883842	-0.192401	0.423720	-0.422286	0.107027	0.632740	-0.703912	-0.345997	0.631304	0.008223	0.461656	-0.888703	0.894740	0.350170	-0.628507	0.635552	-0.229046	0.874524	-0.632770	-0.588045	-0.885843	0.040634	0.260552	0.416569	-0.867843	0.688081	-0.664454	-0.091776	-0.349254	-0.499762	-0.681969	0.875391	0.593155	-0.665867	0.193093	0.175563	0.333896	-0.660230	-0.679776	0.394503	-0.490706	-0.900800	-0.263858	-0.896538	-0.090825	-0.454755	
74.000000	-0.201553	0.017492	0.473646	0.111822	0.223938	-0.882448	-0.495724	0.758562	-0.678921	-0.878882	0.208228	0.613016	0.899908	0.628017	0.867842	-0.648488	-0.888656	-0.068477	-0.885461	0.141635	0.108793	-0.653332	0.372360	0.364682	0.893795	0.094003	-0.423256	-0.528711	-0.873988	-0.273568	0.626399	-0.614559	0.901051	-0.880366	-0.018613	0.624900	-0.886522	-0.486366	0.451551	0.631739	-0.107876	0.884039	0.872415	0.374593	0.688067	0.622194	0.204574	-0.376672	0.144575	0.350714	-0.906695	0.612197	0.007169	0.120764	-0.074573	0.381783	0.116676	0.868801	-0.058563	-0.174058	0.440458	-0.439613	-0.898122	0.358809	0.348032	-0.646555	0.173171	-0.108975	0.674794	-0.873855	-0.381719	-0.720382	0.604980	0.871606	-0.257812	0.697853	-0.475279	-0.903621	0.655938	-0.072763	0.454326	-0.879427	0.254260	0.108943	0.355965	0.874352	-0.230675	-0.887713	-0.665298	0.246679	-0.894026	-0.898973	-0.494432	0.551511	-0.707710	0.705087	-0.012130	-0.873770	-0.643914	-0.648754	-0.252029	0.245469	-0.349016	0.907747	-0.889528	0.878385	0.883370	-0.402805	0.880822	-0.157709	-0.477535	-0.308108	-0.469135	0.335123	-0.274436	0.486115	0.688819	0.178944	-0.240834	-0.365132	0.865843	0.876992	0.655371	-0.342351	-0.646520	0.910843	-0.147634	-0.622660	-0.670588	0.038689	0.597665	0.396068	-0.442980	0.092102	-0.630654	-0.153084	0.414814	-0.175357	-0.712589	0.476788	-0.009778	-0.419477	-0.881605	-0.696710	-0.357418	-0.136976	-0.668929	-0.409594	
75.000000	-0.118626	0.108549	0.013938	0.706674	-0.894458	-0.893165	-0.000452	-0.397005	0.888408	-0.477036	0.165533	0.496420	0.470589	-0.213060	-0.432535	-0.884800	-0.848260	0.689527	-0.890963	-0.471077	0.346058	-0.895304	-0.208341	-0.495678	0.651391	-0.600450	0.866594	0.910331	-0.881639	0.008519	0.864821	-0.902521	-0.453052	-0.458983	0.142255	0.091013	0.719047	0.680947	0.044352	0.304104	-0.873757	0.234014	-0.165925	-0.892590	0.903090	-0.070466	0.869080	-0.262030	0.131546	0.898088	0.318715	0.264123	0.660306	-0.352955	0.413223	0.452611	-0.659311	0.881929	0.605606	-0.871842	-0.598619	-0.654235	0.224593	-0.343479	0.058127	-0.137652	-0.153110	-0.125415	0.419555	-0.689986	-0.478160	-0.208620	0.880742	-0.697509	-0.102843	0.505859	-0.887905	0.470430	0.617317	0.892062	-0.051096	-0.670606	-0.901000	-0.236463	0.276203	0.684299	0.503861	0.665582	-0.690195	-0.150192	-0.635736	0.299564	-0.855713	-0.681150	0.386207	0.889461	-0.272034	0.676129	0.192811	-0.598761	-0.648439	0.516796	0.650426	0.456550	0.665617	-0.048010	-0.527572	0.686631	-0.618743	0.058988	0.603174	0.224179	-0.140410	0.893041	0.272817	-0.102395	0.891759	0.508615	0.856037	0.314360	-0.207033	0.318959	0.106260	-0.865583	0.440393	0.051872	-0.358048	-0.015090	0.865766	0.130357	-0.406980	0.462070	0.909983	0.721761	-0.677282	-0.393230	-0.262229	-0.289113	-0.323684	-0.686172	-0.894790	0.897130	0.433294	-0.455874	-0.666743	-0.885097	-0.405611	0.201896	-0.405858	0.898263	
76.000000	-0.879681	-0.023064	0.707005	0.054977	0.166625	-0.633676	-0.886172	-0.704030	0.630236	0.283144	0.136801	-0.243828	0.444030	0.446778	-0.490865	0.568315	0.896269	0.892210	0.662056	-0.667827	0.884322	0.413195	-0.366753	-0.087205	0.270364	-0.015000	-0.141170	0.675718	0.612922	-0.429858	-0.255898	-0.331442	-0.625528	0.010703	0.663644	-0.187838	-0.018694	-0.893024	-0.240506	-0.861775	-0.417432	0.139818	0.430510	-0.877210	-0.472736	-0.473089	-0.487339	-0.254257	-0.121406	-0.167637	-0.908604	-0.260507	0.875400	-0.353278	0.208399	0.892920	0.091415	0.649528	-0.899196	0.643065	0.883943	-0.596089	0.693097	0.543184	-0.202846	0.271668	-0.063604	-0.676551	0.891319	0.177096	-0.897078	0.407120	-0.274326	0.902453	0.421314	-0.224141	-0.894743	0.184924	0.424733	-0.634016	-0.034760	0.432492	-0.450385	-0.908330	0.051188	-0.030809	0.501783	0.024735	-0.680769	0.718772	-0.488921	0.345919	0.357132	0.219113	-0.029514	0.884085	-0.659397	-0.626011	0.894766	-0.103230	0.295805	-0.427643	-0.164165	0.065918	-0.886085	-0.904409	0.197187	0.417140	0.687978	0.864161	-0.386395	0.732267	-0.698988	-0.401421	-0.900647	-0.488112	0.206120	-0.873774	0.448812	0.894847	-0.667534	-0.868884	-0.432700	-0.701131	-0.008670	-0.428237	-0.247251	-0.557788	-0.862104	0.893346	-0.563308	0.901787	-0.699207	0.483619	-0.702185	-0.188079	0.086815	0.197497	0.875344	0.670144	0.540331	0.682792	0.884426	-0.863077	0.660915	-0.895632	-0.276215	0.486537	-0.688215	0.234799	0.308623	0.653574	
77.000000	0.549921	0.674106	-0.668719	-0.868303	-0.463072	-0.238299	0.192768	-0.882795	-0.302541	0.893133	0.663387	-0.895789	-0.168097	0.303756	0.223982	-0.160124	-0.515190	-0.457305	0.891705	-0.900654	-0.663307	0.687430	0.330705	0.703618	0.901333	0.426991	0.907965	-0.490187	-0.440740	-0.894461	0.671846	-0.220312	-0.249823	-0.698221	0.080697	0.694419	0.502535	-0.451516	-0.270741	0.496323	-0.882983	0.089231	0.006789	0.445667	0.883960	-0.040389	-0.654098	0.214047	-0.393263	0.263857	-0.016105	-0.095986	0.884879	0.178880	0.601180	-0.692273	0.704635	0.545404	-0.893713	-0.166719	-0.699070	-0.312103	-0.893050	-0.443819	-0.890842	0.626174	0.889090	0.670392	-0.508103	0.467057	-0.868494	0.884348	0.007482	0.173583	-0.066901	-0.565705	-0.413387	0.693958	0.074042	-0.351559	-0.716529	0.450229	-0.459955	0.030085	0.693665	0.304698	0.652011	0.032764	-0.492697	-0.678469	-0.268969	-0.131799	0.895943	-0.266029	0.234427	0.504856	0.397649	0.037993	-0.150708	-0.317701	0.687252	0.866437	0.895043	0.892745	-0.899165	0.351287	-0.006360	-0.832877	-0.579435	0.897760	0.485473	0.225546	-0.302172	-0.464759	0.238993	0.279689	0.422511	-0.887172	0.463345	0.452220	0.459056	0.898845	0.868967	-0.698694	-0.884240	-0.899871	-0.895388	-0.685893	0.146374	-0.607430	-0.156529	0.690467	-0.669329	-0.064636	-0.203223	-0.907521	0.300774	-0.389827	0.218318	0.896117	-0.698254	-0.596054	-0.218750	0.076059	0.709362	-0.470987	-0.044062	0.901036	0.174991	0.056176	0.361476	-0.658070	0.457408	-0.190727	
78.000000	-0.430567	0.765359	0.166826	-0.402229	0.885446	0.465226	-0.432598	0.318078	0.881523	0.247584	-0.673459	-0.878000	0.430509	0.487960	0.219845	0.130923	-0.249937	-0.877293	-0.893285	-0.886583	0.677299	-0.729063	0.194254	-0.884340	-0.449407	-0.683647	-0.683770	-0.269807	-0.445098	-0.321701	-0.897605	0.716387	0.467974	-0.212156	-0.216239	-0.038798	0.884381	-0.433372	0.661141	0.609268	-0.665635	0.448752	0.400318	-0.420261	-0.005057	0.556957	0.431020	0.010504	-0.226729	-0.251555	0.673116	0.873196	0.444425	0.707365	-0.316389	-0.491885	-0.888297	0.064975	-0.900450	-0.658208	0.648223	-0.917461	0.659732	0.369064	0.000998	0.271713	-0.887528	0.501381	-0.467116	-0.118541	-0.676187	0.692857	0.259633	-0.648695	0.893804	-0.196011	0.893374	0.895626	0.009379	-0.222703	-0.456764	-0.896709	0.212322	0.890671	0.671358	-0.316986	0.881487	0.685806	-0.869753	-0.433374	-0.592950	-0.479851	-0.206336	0.428508	0.428814	0.257504	0.052087	-0.643792	0.201062	0.659439	-0.014985	0.859257	0.029918	0.009136	0.672294	-0.086865	0.648424	0.133905	-0.206937	0.675169	0.880421	0.031618	0.439283	0.902958	-0.430555	0.096973	0.203507	0.401721	-0.201138	0.185898	-0.687149	-0.661908	0.239906	-0.155117	-0.177771	-0.673761	-0.572821	0.911812	-0.884826	0.283539	-0.655838	0.200091	0.421354	-0.883728	-0.679913	-0.032445	-0.440290	0.548556	-0.856399	0.907519	0.885976	-0.881927	-0.076789	-0.443710	-0.897630	-0.178291	0.648153	-0.520751	-0.023057	-0.882385	0.462375	-0.650962	-0.263581	0.907814	0.889294	-0.652809	
79.000000	-0.255491	-0.686513	-0.887865	0.121375	0.700177	0.239299	0.896919	0.120043	-0.720535	-0.687201	0.277666	0.137136	0.015213	0.478384	0.235053	0.890436	-0.914206	0.583991	0.708648	-0.707855	-0.318784	0.663342	-0.895546	-0.874155	0.114259	-0.896099	0.511414	0.439891	-0.899244	-0.118282	-0.640398	0.222404	-0.088536	-0.110323	0.898800	-0.379446	-0.212646	0.893805	0.457516	-0.068697	0.288872	-0.270505	0.722234	0.481185	0.188778	-0.088349	-0.396184	-0.897231	-0.215932	-0.315358	-0.644789	-0.466407	-0.380881	0.205289	-0.657708	0.899610	0.891852	-0.126269	-0.474053	0.419294	0.675290	0.001606	0.690402	0.893619	-0.454094	-0.262812	0.911559	-0.645820	-0.137541	-0.891860	-0.699828	0.470077	-0.238986	0.443721	0.453033	0.884151	-0.540845	0.662384	0.032429	-0.287662	0.616427	-0.893387	-0.890835	-0.364823	-0.900839	-0.603034	-0.884312	0.334696	0.142654	0.666445	-0.658444	-0.903268	0.370952	-0.885394	0.493099	-0.644756	-0.706360	-0.013792	0.003068	-0.698167	0.697085	-0.493797	-0.388447	-0.486048	0.895055	0.880364	0.694654	-0.239603	0.619915	0.685307	-0.190390	0.083868	0.044342	0.069979	0.475769	0.207778	0.014414	0.889159	0.903167	0.375461	0.245530	-0.701002	0.507217	-0.337562	0.336781	-0.490774	-0.111875	-0.501887	-0.435285	0.881665	0.110620	0.289096	-0.310009	-0.093283	0.280432	0.425030	0.376571	0.653845	-0.094563	0.675812	-0.753029	0.699684	0.877370	-0.893424	-0.677757	-0.234606	-0.502770	-0.005264	-0.120875	0.268362	0.127011	-0.477018	-0.502249	-0.691870	-0.893048	0.873627	0.891582	0.643580	
80.000000	-0.519288	0.412399	-0.134932	-0.886165	0.486667	0.064755	-0.872678	-0.906452	0.682887	-0.340435	0.096094	0.646589	0.717772	0.431878	0.902454	0.864324	0.252973	-0.011569	0.639597	-0.877113	0.009003	-0.046732	-0.720976	0.302801	-0.460591	-0.267960	0.080299	0.888826	0.079277	0.407992	0.887038	-0.679655	-0.912158	0.649208	-0.594919	0.897866	0.005118	-0.680228	-0.126821	0.854000	-0.882821	-0.503367	0.902965	0.301156	-0.896125	0.152609	0.705344	-0.080789	-0.879035	0.896756	-0.665097	-0.167152	-0.729725	0.526673	0.676393	-0.609720	-0.889263	-0.708875	0.464498	-0.686387	-0.516610	0.654061	0.893738	0.049146	0.496450	0.320950	-0.079098	-0.245747	0.892768	-0.448233	0.710027	0.901393	-0.455805	-0.022249	-0.205350	0.072688	-0.355947	0.905925	0.324142	0.695090	0.513191	0.577035	-0.888432	-0.298836	0.299228	0.461915	0.698831	0.178999	0.220754	-0.496800	0.324828	-0.286134	0.706521	0.681598	-0.709281	0.036182	0.042553	0.161388	0.492451	-0.178144	-0.252402	-0.399831	-0.017467	-0.463320	-0.305310	0.693210	0.508599	0.863658	-0.355926	0.231267	0.896417	-0.213183	0.111301	-0.900369	0.238638	-0.706196	-0.563566	0.172812	-0.913857	0.393334	-0.452371	-0.495697	-0.732387	0.754518	-0.129801	0.312441	-0.370029	-0.900536	0.136185	-0.239936	0.296187	0.900363	0.477404	-0.451687	-0.112564	0.572675	-0.637012	-0.891419	-0.668936	-0.636899	0.908143	0.582542	-0.227993	-0.639553	-0.257522	-0.142066	0.877635	-0.893996	0.375034	-0.901187	-0.667824	-0.396218	-0.318260	0.470384	-0.896205	-0.079159	0.266746	0.227573	-0.457471	-0.716090	
81.000000	0.906439	0.587820	-0.482864	0.448132	-0.389058	-0.657675	0.901260	-0.865870	0.704767	-0.257383	0.160425	0.320985	-0.906502	0.001288	-0.897367	-0.466866	0.683836	0.422612	-0.901729	-0.239356	-0.118125	0.650318	-0.090472	-0.051391	0.904271	-0.359579	-0.696644	-0.900097	0.273006	-0.567985	-0.490958	-0.192154	0.125030	-0.383581	0.894920	-0.091323	0.661301	0.890402	-0.474636	0.887430	-0.021349	-0.905478	-0.152875	0.201710	0.465341	-0.902555	-0.270405	-0.889948	0.488156	-0.199762	0.319838	0.668275	-0.898461	0.895582	0.667019	-0.698813	-0.298378	-0.021897	-0.693190	-0.554121	0.573875	0.207636	-0.283286	-0.259915	0.306445	-0.300662	0.230111	-0.871584	0.076910	0.108779	-0.030532	0.896273	0.736151	0.674587	-0.909188	0.467790	0.444475	-0.686965	-0.711063	-0.123408	-0.264743	0.444330	-0.039510	-0.512052	-0.712457	0.481519	-0.378305	0.212700	0.094943	-0.694073	-0.604791	-0.714030	-0.040497	0.409408	-0.901692	-0.900373	-0.688882	0.894284	-0.365573	0.664741	-0.522208	0.034283	0.405089	0.421131	-0.880606	-0.694164	-0.151650	-0.705832	0.697275	-0.909458	0.709841	-0.488307	0.092741	0.728478	0.651746	-0.012004	0.901284	-0.622007	0.537592	0.630993	0.448094	0.874229	0.366870	-0.021536	-0.473475	-0.890549	-0.490779	-0.435599	0.858355	0.141552	-0.880097	0.251604	-0.728120	0.100537	-0.065048	-0.278590	0.887161	0.872849	-0.609394	0.680333	-0.691266	-0.342493	-0.262532	-0.478109	-0.248416	0.886784	0.148242	0.531172	-0.612874	0.276403	0.897339	0.347342	0.495524	-0.444409	0.142148	-0.122806	0.221878	0.902052	-0.866163	0.687437	0.329759	0.183102	
82.000000	-0.011283	0.678544	-0.070749	0.241183	0.897215	-0.680140	-0.709896	-0.890983	0.174791	-0.153045	-0.346103	-0.480253	0.486177	0.485446	-0.689330	0.347260	0.283349	-0.724441	0.895583	0.316820	-0.109041	-0.452519	-0.274362	-0.251681	-0.203177	0.465395	0.707076	-0.586361	0.911597	0.049836	-0.896025	0.694510	0.254196	0.460610	-0.222681	0.687557	-0.495706	0.187198	-0.885555	-0.013225	0.125143	0.896135	-0.653274	0.551290	-0.442760	0.654663	-0.903364	0.236040	0.201171	0.684561	-0.035577	-0.881797	0.709787	-0.089115	-0.356327	0.883050	0.917073	0.583629	0.518036	0.060419	-0.174629	-0.675209	0.298155	-0.521603	0.287315	0.038231	0.889011	-0.895621	0.387182	0.267499	0.366206	0.906140	0.063025	-0.654648	0.442847	-0.899962	0.107365	-0.405342	0.031465	0.451645	-0.905681	-0.235119	0.192372	-0.899653	-0.604875	-0.479096	-0.046439	-0.217031	0.314935	-0.308972	-0.856387	0.906539	0.738935	0.134475	0.729226	0.477686	0.897893	-0.198463	-0.643824	-0.079602	-0.871143	-0.472733	-0.717918	-0.289213	-0.678111	0.752394	0.621254	0.900490	-0.440347	0.421698	0.621765	0.293371	-0.405401	-0.031350	0.501084	-0.682881	0.471201	-0.166010	-0.261814	-0.888847	-0.491638	-0.271595	0.589816	0.675674	-0.884794	-0.685805	0.399637	0.702851	-0.184583	-0.013455	-0.490852	-0.895630	-0.122531	0.898477	-0.883872	0.470942	0.889941	0.883518	0.781827	0.722385	-0.650385	-0.678769	0.890601	-0.436722	0.673537	-0.867403	-0.417888	-0.684195	-0.574225	0.906244	0.693685	-0.318500	0.158623	0.244410	0.033154	0.031325	-0.906699	-0.892151	-0.284554	0.214314	-0.701945	0.128496	0.516270	-0.442907	
83.000000	-0.452002	0.898376	0.864125	-0.658352	0.422862	0.658524	-0.005140	0.109175	-0.327603	-0.096761	0.481004	-0.293295	-0.264823	-0.707589	0.691658	0.722405	-0.664342	-0.421083	-0.094493	-0.892759	-0.504862	-0.002320	-0.614969	0.676832	0.476199	0.113894	-0.689319	0.228810	-0.656006	-0.193078	0.487814	0.883526	0.019280	0.896107	0.153413	0.690399	0.719197	0.359765	0.894415	-0.430417	0.910082	0.318956	-0.504645	-0.721185	0.628881	0.536708	-0.859951	0.724747	0.448626	-0.901143	-0.226695	0.517859	-0.112175	0.702238	-0.909838	-0.696472	0.164578	-0.507420	-0.880501	-0.292893	-0.117403	0.309287	-0.052803	-0.598716	-0.108934	-0.086867	0.094190	-0.738324	0.896460	-0.171668	0.268427	0.488211	0.687853	-0.887611	0.652007	-0.497679	-0.642600	-0.895460	0.021080	0.504807	-0.230119	-0.484463	0.701934	-0.277910	0.226254	0.078427	-0.703428	0.018855	0.250207	-0.301140	0.891514	0.067850	-0.371969	0.697540	0.686453	0.154225	-0.707532	-0.655555	0.572163	-0.695345	0.325235	-0.699272	0.897946	-0.881897	0.402619	-0.500045	-0.370734	-0.905122	-0.892144	-0.094027	0.115394	0.309332	-0.471686	0.486063	0.884047	0.584163	0.701425	0.918112	0.258479	0.880473	-0.896004	0.903837	-0.669655	0.895176	-0.221066	0.894333	-0.895607	0.325980	0.640266	-0.075915	0.488169	0.373877	-0.333447	0.335153	0.902666	0.861316	0.195723	-0.912758	-0.880662	-0.889849	-0.889075	-0.491014	-0.005237	-0.332140	0.120933	-0.121427	-0.678304	0.443992	-0.258189	0.113609	-0.459244	-0.290210	-0.458007	-0.523524	0.383104	-0.086883	-0.232462	-0.284702	-0.896012	0.118806	-0.880849	0.536871	0.317284	0.263408	-0.490688	0.221719	
84.000000	-0.473155	-0.270649	-0.884816	0.484609	0.670754	-0.892719	0.461731	0.906462	0.685999	0.377643	-0.668112	-0.867745	0.887260	-0.153572	-0.477608	0.886803	0.168765	-0.031114	-0.455094	0.307414	-0.663914	0.144370	0.890858	0.485454	0.472064	0.464694	0.068369	0.671595	0.889491	0.892263	0.309191	-0.674830	-0.026974	-0.880548	-0.889632	-0.340702	-0.896964	0.896999	0.890612	0.685722	0.027055	0.202382	-0.882210	0.058161	0.669162	-0.082619	0.677044	0.140227	0.064151	-0.663886	-0.688440	0.879884	-0.241963	-0.896854	0.677642	0.873086	0.917300	-0.549500	0.477701	-0.259117	0.236976	0.875178	-0.688890	-0.384224	-0.880329	0.688746	-0.708031	-0.126936	-0.378305	0.700243	0.897277	-0.908211	0.246739	0.371420	-0.666898	0.406597	0.193849	-0.885520	-0.180249	-0.676591	-0.671481	-0.639127	0.437985	-0.019129	-0.884279	-0.731465	-0.085175	-0.464202	-0.291388	-0.079750	0.853755	-0.728764	-0.144460	0.738679	-0.632032	0.649211	-0.519310	-0.049907	-0.243267	0.912432	-0.906321	-0.150924	-0.057766	-0.037934	0.675046	0.620726	0.263730	0.150663	-0.511681	-0.502567	0.269927	-0.222298	0.888675	0.053121	0.261940	0.605819	0.675816	-0.319788	-0.199136	0.134081	-0.422234	-0.706521	0.318421	-0.445454	-0.307272	-0.480804	0.707074	-0.552221	0.028357	-0.240776	-0.881569	0.270540	0.504400	-0.500925	-0.884553	-0.913258	0.430560	-0.903009	0.552316	-0.716843	-0.218255	-0.270209	0.461474	0.703038	-0.470280	-0.909337	0.130482	-0.443719	-0.415358	0.499416	0.029673	0.452016	-0.177333	0.542899	0.009170	0.897403	-0.408819	0.123856	0.474332	0.226894	0.887396	0.266435	0.888400	-0.356436	-0.199760	0.339496	-0.882395	-0.540535	
85.000000	-0.906685	-0.249895	0.507747	0.524834	-0.374603	0.700789	0.048000	-0.661031	-0.663900	0.331605	-0.011900	0.888812	0.895062	-0.395757	-0.724352	-0.698580	-0.305110	-0.140148	0.281714	-0.297541	0.714921	-0.723448	0.879177	-0.886045	0.277298	-0.699700	0.739956	-0.014646	0.610126	-0.910638	0.691588	0.898163	-0.890150	0.885478	0.039147	-0.389169	-0.870729	-0.904921	0.898632	0.882697	-0.897034	-0.014744	0.374794	-0.899795	0.911043	-0.136755	0.353368	0.157852	-0.030765	0.146037	-0.138804	-0.521774	-0.057122	0.422309	0.454843	0.889907	-0.611547	-0.904118	0.667836	-0.492975	0.090586	-0.179407	-0.684041	0.113055	-0.322998	-0.665283	-0.461845	0.141339	-0.460265	0.895579	-0.507204	-0.062282	0.906234	0.404708	0.144900	0.271512	-0.258614	0.071455	-0.178478	-0.302445	0.872372	0.649779	-0.431822	0.338038	-0.648952	0.725270	-0.522207	0.542598	-0.896968	0.667618	-0.873814	-0.483183	-0.352506	-0.899877	-0.917434	-0.693383	-0.229265	0.886582	-0.150716	-0.739395	-0.369094	-0.458256	-0.705962	-0.120315	0.525592	0.287644	-0.280117	0.499736	0.162175	0.025642	0.515500	-0.243784	-0.083962	-0.908858	0.439310	-0.474173	0.911799	0.133199	0.140360	-0.885425	-0.891563	0.210181	-0.605385	-0.498703	-0.897036	0.430922	0.902833	-0.634298	0.725459	0.233060	0.616280	0.706182	0.333231	0.399776	-0.480600	-0.284613	-0.109338	0.661596	0.226286	0.898439	0.117669	0.712443	-0.679406	0.911152	0.341460	0.662263	0.222140	-0.505507	-0.214716	0.278619	0.544614	0.022392	-0.729017	0.539073	-0.510302	-0.701691	0.719996	-0.258903	-0.705391	-0.324182	0.498536	-0.694897	0.138597	0.510181	0.352988	-0.090220	0.708436	0.473935	-0.082032	-0.083445	
86.000000	0.715179	-0.297278	-0.711976	0.709331	0.731807	0.859310	0.479987	0.222971	-0.463754	-0.169488	0.083617	-0.886543	-0.671772	0.165270	0.273394	0.712164	0.886946	0.473448	0.272938	0.321813	-0.033181	-0.017060	0.890720	-0.441032	-0.179389	0.168983	0.395577	-0.477965	0.874217	-0.898184	0.644534	-0.513028	-0.915309	-0.747305	0.914650	0.894221	-0.470804	-0.387803	-0.100274	0.887480	-0.451794	0.054095	0.440994	0.481425	0.290957	-0.250026	0.654498	0.366132	0.679893	-0.070598	0.899968	-0.199510	-0.155895	-0.903368	-0.762639	0.457357	0.901948	-0.661174	-0.888807	-0.136280	-0.890470	0.081702	0.561077	0.903302	-0.704241	0.908132	-0.099279	-0.689439	0.894473	0.027127	0.185439	-0.072020	-0.288057	-0.497539	-0.245251	-0.049787	0.064917	0.166004	0.279373	-0.677915	0.455767	-0.035017	-0.913672	0.605491	-0.582553	0.353932	0.887585	0.259339	-0.895211	0.313951	-0.667943	-0.047056	-0.211645	0.682511	-0.851546	-0.918745	-0.443635	0.706371	0.891022	0.684456	-0.608964	-0.896949	-0.675544	-0.277223	0.002926	-0.232418	0.351367	0.898666	0.595406	-0.909876	0.497688	-0.708827	0.284328	0.111847	-0.904040	0.870737	0.050995	0.727756	-0.240291	-0.267884	-0.185342	0.394985	-0.670558	-0.496501	0.684490	0.139851	0.716616	-0.729500	-0.401036	-0.893595	0.161252	-0.432089	-0.577133	0.556382	0.498433	0.700746	0.191029	0.522574	-0.073059	-0.455843	-0.891339	-0.551025	0.512399	-0.268994	-0.298912	0.899591	-0.502502	-0.651212	-0.392148	0.256312	0.083638	-0.647305	0.678451	0.600662	-0.364787	0.495202	-0.506734	0.898766	0.329681	-0.898071	0.124426	0.913359	-0.295548	-0.715870	0.033082	0.358519	-0.049626	0.552415	-0.713282	-0.710798	-0.889635	-0.355560	
87.000000	-0.884106	0.115389	0.717171	0.353830	0.264271	0.010675	-0.437495	0.322105	0.910066	0.322408	0.892935	-0.905978	-0.456553	-0.047176	-0.532107	0.895238	0.720321	0.718294	0.691950	0.010874	0.068913	-0.908931	-0.424413	-0.267761	-0.125141	-0.863193	0.888287	-0.497921	-0.407829	-0.498677	-0.374632	0.511354	0.017134	-0.266216	0.662620	-0.415456	0.135538	0.185289	0.451583	-0.286061	0.002007	0.746188	-0.882446	-0.682361	0.607151	0.538276	0.478408	-0.919165	-0.406146	-0.701491	-0.111465	0.131812	-0.542915	0.153994	0.916940	0.718588	0.374475	0.560251	-0.705449	0.289632	0.486147	0.731881	0.873947	0.125968	-0.207110	-0.358556	0.873991	0.525110	0.888278	-0.703702	-0.520582	-0.897698	0.356680	0.207343	-0.888073	-0.296016	-0.729876	0.885055	0.466509	0.369918	0.381925	0.899869	0.002404	-0.483391	0.472629	-0.041296	-0.321541	0.882579	-0.454730	0.688388	0.670003	-0.191489	-0.313343	0.121445	-0.636707	-0.424387	-0.184626	-0.616033	-0.725717	-0.875090	0.896205	-0.081361	0.230020	-0.414768	0.679272	-0.641882	0.873773	0.908855	-0.873409	0.498191	-0.205152	0.384870	-0.307827	-0.884741	-0.618691	0.482135	-0.902622	0.692318	0.449503	-0.511203	-0.644074	-0.653834	0.263472	-0.871309	-0.917157	0.895840	0.001195	0.330203	0.038575	-0.696313	-0.911280	0.306333	0.005278	0.535183	0.242315	-0.192559	0.591384	0.176587	0.213159	0.422546	-0.668216	-0.207644	0.462130	-0.714919	-0.683284	0.675829	0.161767	0.904506	-0.871706	-0.485560	0.881336	-0.289735	-0.909465	-0.894677	-0.693041	0.014803	0.030405	-0.039641	-0.892981	-0.091367	0.624549	0.909876	-0.204674	-0.119779	-0.099434	0.908398	0.242230	-0.640908	0.688664	-0.875743	-0.194901	0.660214	0.209464	0.687667	
88.000000	-0.309642	0.730200	-0.709218	0.905609	0.137707	0.156186	-0.724805	-0.572412	0.757142	-0.718401	-0.206484	-0.902870	-0.736994	0.689139	0.485811	0.670547	0.474310	-0.153906	-0.896193	-0.893369	0.462621	0.442803	0.014971	-0.491133	0.908307	-0.877992	-0.900549	-0.681440	-0.282065	-0.025067	-0.474855	0.903848	-0.550679	-0.405670	-0.711294	0.206541	-0.904383	-0.421343	0.898015	0.035892	-0.712498	-0.284375	0.373054	0.033142	-0.908681	0.591466	0.327092	0.247526	0.507450	0.887436	-0.899785	0.089165	0.312295	0.877675	0.332560	-0.705506	0.125613	0.884585	0.116607	-0.689014	-0.509052	0.090002	0.430934	-0.519949	-0.154452	-0.187651	-0.500589	0.329829	-0.473596	-0.903204	0.691329	0.727542	-0.137024	0.611146	-0.167802	-0.402474	0.283901	0.638693	0.217030	-0.468052	-0.909721	0.860833	0.204797	0.423734	0.693329	-0.504578	0.726620	0.156032	0.907646	-0.622478	0.051525	-0.265336	-0.365325	-0.289492	-0.065595	0.863925	0.524317	0.189512	0.692631	0.545451	0.651042	-0.031235	0.907445	0.886475	0.900611	0.678296	0.711784	-0.253502	0.183417	-0.088483	-0.125442	-0.667984	0.538550	-0.347792	-0.569442	0.545370	0.249963	-0.900125	-0.329209	-0.739567	0.902905	-0.398002	0.303317	-0.282376	0.001549	0.404848	-0.376920	0.539148	0.902600	0.260310	0.896609	0.464236	-0.231275	0.393784	-0.902441	-0.163442	0.016737	-0.892574	-0.341443	-0.525691	0.705000	0.914745	-0.318031	0.199181	-0.536128	0.735865	0.890156	-0.164721	0.480954	-0.901579	-0.508217	-0.134785	-0.032417	-0.003974	0.553798	-0.702657	0.675657	0.349182	-0.094907	0.202552	-0.252483	0.912529	-0.905028	0.333386	0.077165	0.647484	-0.693963	-0.864982	-0.530062	-0.663214	-0.728717	0.435575	-0.713148	-0.037988	0.703514	-0.907084	
89.000000	-0.042587	-0.708340	-0.121802	0.688267	0.276141	0.000486	0.893878	0.670377	0.887929	-0.696843	0.427853	0.889162	-0.897123	0.485562	-0.535336	-0.153610	0.892298	0.212764	-0.325329	0.267414	0.248003	0.503387	0.192993	0.906421	-0.876478	-0.906866	-0.699701	0.166258	0.490073	-0.049941	-0.635876	-0.904143	0.300043	0.730043	-0.527534	0.696234	-0.893132	0.902730	0.689315	0.522806	0.560748	-0.261879	0.675109	0.316344	0.008401	0.498593	-0.160204	-0.516970	0.409555	-0.690599	0.472933	0.620857	-0.902755	-0.338788	0.718430	-0.412884	0.903684	-0.024516	-0.455768	0.481152	-0.870117	-0.517000	0.663154	-0.668028	-0.397529	-0.897175	0.508446	-0.882728	0.891400	0.439251	0.124114	-0.133605	0.187209	-0.338334	-0.093492	0.273562	0.897399	-0.502318	-0.504695	-0.701651	-0.326089	0.675576	0.182249	-0.710803	-0.892779	0.703872	0.471359	0.164656	0.107031	0.324941	-0.532270	0.272828	-0.458330	-0.335450	0.651328	0.921361	-0.099051	-0.101201	-0.702403	0.630243	0.299165	-0.508512	0.455976	0.392189	0.884799	0.888622	-0.018271	-0.317873	0.668525	0.736270	-0.023249	0.891466	-0.889013	0.280377	0.705270	-0.126635	-0.223673	0.074954	-0.680443	0.877421	-0.680033	0.418511	0.061678	-0.903144	-0.729120	-0.705068	-0.231351	-0.313206	-0.703095	-0.299517	-0.622778	-0.501193	0.711595	-0.893825	0.698264	0.098226	0.267353	0.231122	-0.453918	0.898989	0.902377	-0.897107	-0.269813	-0.712990	0.068022	-0.519069	-0.698027	-0.042508	0.049800	0.096344	-0.163385	-0.907020	-0.898339	0.072137	-0.923587	-0.712284	-0.216409	0.465512	-0.889660	-0.142392	0.096445	0.695201	-0.466714	0.063936	0.292754	-0.903445	0.512880	-0.485576	-0.327384	-0.134921	-0.379875	-0.521942	0.362404	-0.245016	-0.241842	0.898811	0.893967	-0.264149	
90.000000	0.874554	-0.040120	-0.479084	0.394922	-0.516804	-0.693532	-0.890910	0.264691	0.727271	0.742200	-0.871425	0.893552	0.452848	0.265667	-0.078516	-0.693118	-0.673626	0.526765	0.259270	0.714385	0.604117	-0.746962	0.878552	-0.696581	-0.227421	0.710748	-0.882740	0.076759	0.292553	-0.299563	0.532111	-0.355167	-0.019301	0.310638	-0.901783	-0.124156	0.884621	0.174748	-0.303734	-0.692510	-0.528029	-0.276653	-0.874488	-0.908873	-0.116596	0.901453	-0.686768	-0.090291	-0.105235	0.513318	0.706025	-0.564051	0.375443	0.897783	-0.321940	-0.265905	-0.251874	0.293883	0.188980	-0.513747	-0.005306	-0.473666	0.622023	0.909218	-0.429083	0.157021	0.656500	0.124857	-0.615124	0.904878	0.256296	-0.904184	-0.417184	-0.484988	-0.115579	-0.263850	0.699152	0.540699	-0.895950	0.674693	0.579355	-0.023955	0.732757	-0.379097	-0.632697	-0.488464	0.339031	0.506581	0.363758	0.085714	0.099378	-0.275940	0.128891	0.503034	0.907940	0.636538	-0.192537	-0.895377	-0.878845	-0.519654	-0.909123	-0.327200	0.134792	0.900970	0.369454	-0.476385	0.886168	0.888531	0.227624	0.292832	0.507735	-0.578009	-0.316547	0.509214	0.684039	0.318745	0.224543	-0.088657	-0.421415	-0.899884	-0.665115	0.308780	0.516685	0.467884	-0.252447	-0.034847	0.907211	-0.257856	0.683165	-0.182024	0.129512	-0.711011	-0.683729	0.718711	0.914283	-0.486382	-0.214278	-0.485567	0.902230	-0.895152	0.427954	-0.145672	-0.914085	-0.716640	-0.885225	0.457010	0.034079	-0.902970	-0.471576	0.676671	0.344295	-0.708271	0.498688	0.704624	0.900412	0.399963	-0.466434	-0.061861	0.704148	-0.905515	-0.726670	-0.299026	-0.638901	-0.899243	0.114548	0.108508	0.020088	0.702187	-0.119590	0.119098	0.476109	-0.903294	-0.372933	0.895110	-0.660932	0.112061	-0.722018	-0.687926	-0.009330	-0.068854	
91.000000	0.276923	0.914193	-0.349323	-0.049883	0.691503	0.907453	-0.913458	-0.662981	0.332023	-0.389282	0.719660	0.485098	-0.081903	0.677801	0.324064	-0.891906	0.489469	0.873489	-0.714903	-0.078938	-0.505489	0.783387	-0.695147	-0.885943	-0.903781	0.235945	-0.631389	0.929296	-0.087944	-0.904322	-0.135561	-0.480617	-0.537706	0.015070	0.721651	0.251681	-0.373638	0.922389	0.518170	0.201709	0.887425	-0.072879	0.060228	-0.680432	0.246129	-0.068252	0.729121	-0.891206	-0.493512	-0.894830	0.387230	0.059823	0.105450	-0.457200	-0.289429	0.738421	-0.494958	0.605002	-0.717007	-0.661918	0.675886	-0.673516	0.910734	-0.901992	0.905903	0.874992	-0.140108	-0.022140	-0.261421	-0.249228	-0.285669	0.534504	-0.623879	-0.460983	0.907919	0.612613	0.531119	-0.320301	0.452211	-0.714643	-0.899213	0.022068	-0.702391	0.140764	0.906777	-0.516184	0.526102	0.398300	-0.508471	0.403255	-0.879459	0.904825	0.541449	-0.895915	-0.715604	-0.286195	-0.049477	0.216775	-0.883699	-0.438128	0.723376	0.712445	-0.400006	-0.419044	0.694176	-0.193359	-0.719127	0.757951	0.125668	0.361475	-0.075135	0.441475	0.191987	-0.244002	0.505744	-0.529210	0.036694	-0.089622	0.518994	0.632581	0.134520	0.110887	-0.508619	-0.669726	0.905318	0.374685	-0.140701	0.900866	0.649815	0.027748	0.321294	0.495240	-0.131550	-0.705913	-0.509632	-0.214785	0.111659	0.604977	0.124408	-0.888084	0.900151	-0.293776	-0.896251	-0.884305	-0.050188	-0.279153	0.893695	0.127644	-0.713422	0.556559	-0.260582	0.154141	-0.286186	0.341574	-0.712189	0.349804	0.268598	-0.632412	-0.905986	-0.208055	0.456610	-0.135579	-0.316011	-0.612114	0.313348	0.268973	0.717356	-0.441266	0.076511	0.866135	-0.477363	0.201295	0.301376	0.710095	0.892799	-0.703936	-0.910996	0.458186	-0.908829	0.682597	-0.299406	-0.869531	
92.000000	-0.695834	-0.274555	-0.469022	0.906504	-0.698281	-0.899060	0.534536	0.719034	0.703990	-0.251631	0.286504	-0.689940	0.878303	-0.879325	-0.498026	-0.253954	-0.508751	0.232390	-0.889559	0.705531	0.909534	0.669563	-0.479203	-0.892735	0.916881	0.243258	0.285557	0.087072	-0.695078	-0.058898	0.456156	-0.308318	0.649744	-0.899927	0.646521	0.352576	-0.541320	0.695710	0.169839	-0.899631	-0.321304	-0.135968	-0.914190	-0.509679	0.235233	0.288736	-0.901483	0.494778	-0.128442	0.435295	-0.133820	0.208550	-0.316194	0.094018	0.640347	0.915549	-0.510492	0.482165	-0.141651	-0.694499	-0.531345	-0.485957	0.071231	-0.484623	-0.892337	-0.313079	-0.183285	-0.286115	0.107216	-0.056396	-0.897640	0.079716	0.334361	0.689416	-0.685923	0.872434	-0.726302	-0.503312	0.412320	0.905009	0.893797	-0.427453	0.546596	-0.105531	0.738462	0.190008	0.908187	-0.658236	-0.894631	-0.116210	-0.061534	-0.899963	-0.898450	0.291361	0.062148	0.140710	0.070948	-0.712929	-0.324225	0.329243	-0.016483	0.893880	-0.506035	-0.002568	0.210617	-0.260637	0.068212	0.555463	0.509296	-0.739163	-0.000504	-0.247649	0.908479	0.019466	-0.868182	-0.700403	-0.908064	-0.897459	0.668179	-0.447457	-0.119118	-0.030657	0.192608	0.909863	0.698553	0.553717	0.435513	0.289053	0.047559	0.355199	0.136704	0.729636	-0.364339	-0.659983	0.260871	0.484625	-0.691638	0.370228	0.400410	-0.907091	-0.234355	0.897965	0.479410	-0.532673	0.712434	-0.671390	0.890071	0.896791	-0.338085	0.721709	-0.297499	0.538886	0.526898	0.107038	0.268626	-0.460017	0.728822	0.751859	-0.111978	0.686440	-0.135942	-0.495191	-0.609608	-0.703946	-0.342644	-0.422515	0.341653	-0.096583	-0.271706	-0.887764	0.881150	0.447741	0.478786	0.502848	-0.718840	0.591230	0.725541	-0.022755	0.898927	-0.202234	-0.898604	0.902981	-0.708129	0.153187	
93.000000	0.441091	-0.475865	-0.908436	0.206632	0.022287	0.907377	-0.477159	-0.896445	0.891408	0.646101	0.036157	0.337974	0.265588	-0.591576	-0.774413	-0.187129	-0.590800	0.016352	-0.919061	-0.051366	0.454459	0.124729	0.901323	0.880547	0.709791	-0.127802	-0.077242	-0.204381	0.895795	-0.044167	-0.885751	0.886106	-0.320797	0.739454	-0.675775	0.877908	0.353847	0.291474	0.909800	-0.884213	-0.618148	-0.672798	-0.697780	-0.874074	0.282635	0.617672	-0.545030	0.473319	0.281933	-0.929511	-0.201600	-0.576083	-0.877603	-0.624532	-0.565510	0.252589	0.062806	-0.046410	0.474360	0.489987	0.519891	-0.068252	0.486951	0.912899	-0.184216	0.250325	0.133844	-0.770444	0.044928	-0.581293	-0.907685	-0.357115	-0.182834	0.012024	-0.524061	0.685417	-0.250974	-0.394356	-0.326669	0.552423	-0.593040	-0.209619	0.674967	-0.522353	-0.455765	0.902409	0.211170	-0.411949	-0.237637	-0.906222	0.756550	0.288994	-0.456878	-0.528429	0.140363	-0.228768	-0.721824	0.630552	0.014611	-0.920479	-0.908479	0.437521	0.899251	-0.474179	0.225978	0.422016	-0.012940	0.135709	0.747982	-0.327519	0.286833	-0.031003	0.048165	0.558076	0.694377	0.090518	0.511442	-0.675466	0.660725	0.692905	-0.899866	-0.876010	-0.693739	-0.447917	-0.904875	0.655225	0.720224	-0.918154	0.266304	0.891877	-0.755860	0.094488	-0.100430	-0.748772	-0.031801	-0.394185	0.510007	-0.899639	0.343510	-0.766230	-0.731429	0.370984	0.452996	0.718323	-0.412004	-0.067302	0.702997	-0.731800	-0.271635	-0.189899	0.362266	-0.239818	0.194825	0.166101	-0.457801	-0.329978	0.905329	0.159884	0.706498	0.500719	0.126397	0.742348	0.898693	-0.666612	-0.364855	-0.714498	0.553595	-0.308625	-0.144070	0.458552	-0.360567	0.352701	0.568326	0.300600	0.910192	0.408394	-0.111573	0.693684	-0.206095	0.904847	0.914169	-0.250655	-0.380831	0.135332	0.698778	0.894416	
94.000000	0.495703	-0.342615	-0.899117	-0.037871	0.889876	0.909699	-0.120980	0.737820	-0.912094	-0.699214	0.385100	0.700781	0.501342	0.292204	0.882362	-0.896831	0.638414	-0.513642	-0.245016	0.003160	-0.002650	0.913258	-0.019208	-0.895988	0.358544	-0.137588	-0.890823	0.903047	-0.512949	0.656345	-0.220175	-0.906020	-0.886388	-0.912416	0.640507	-0.906061	-0.547884	-0.266319	0.062023	0.168965	-0.686682	0.893088	0.478023	0.890184	0.900273	0.117362	-0.610830	0.274909	0.911342	-0.275825	0.714506	-0.283143	0.897141	0.322366	0.189177	-0.903596	0.527515	0.531210	-0.529106	-0.683716	-0.897605	-0.237259	0.204881	0.577848	0.467881	0.070845	0.874222	-0.468968	0.690004	0.889812	0.224632	0.026993	0.402935	-0.901762	-0.374260	0.209294	-0.645229	-0.913741	-0.915240	-0.466460	0.292333	0.230475	-0.409198	-0.124493	-0.499450	0.053855	-0.148082	-0.690302	-0.868894	0.327952	-0.265323	0.574932	-0.713697	0.689965	0.511924	-0.722306	-0.147322	0.182651	0.137673	-0.505293	0.661801	0.675497	0.687345	0.206449	0.888849	0.717803	-0.285339	0.377696	-0.334516	-0.728087	-0.023434	-0.042219	0.129839	0.369868	-0.733322	-0.563576	0.046403	-0.688162	-0.912083	0.153132	-0.482165	0.904348	-0.239709	0.913120	-0.175110	-0.206336	0.694766	0.000132	-0.901071	0.515067	0.723105	-0.709258	0.394212	-0.538211	0.253381	0.905698	-0.711923	0.102368	-0.109235	-0.477255	-0.535701	-0.469057	0.562158	-0.141834	0.883749	0.523848	0.912051	-0.670979	0.143132	-0.179397	-0.732136	-0.351278	-0.467301	0.442044	0.346418	0.442586	0.011464	-0.321410	-0.354149	0.747485	-0.691223	0.476564	0.276015	-0.349972	0.880034	-0.089207	-0.437256	-0.905859	-0.017251	0.555609	-0.314291	-0.525594	-0.730200	-0.760248	-0.330311	-0.328890	-0.091284	0.379622	-0.906041	0.713670	0.121864	0.749547	0.269911	-0.712164	0.690598	0.417327	-0.689105	-0.109222	
95.000000	0.156795	0.313010	0.047831	-0.501577	-0.515894	0.276416	-0.119922	-0.910557	-0.144163	0.088324	0.884720	-0.671258	0.141770	0.906992	0.408485	-0.666454	0.453425	-0.018742	-0.906902	-0.089930	0.916441	0.417797	-0.890612	0.490996	0.908756	0.645391	0.225572	-0.086400	-0.006506	-0.114232	0.906332	-0.207234	0.266297	-0.482831	-0.908179	-0.904022	-0.173143	-0.504986	-0.388601	0.089223	-0.342822	-0.228868	0.122676	-0.297675	-0.893728	0.902358	0.304640	-0.886192	0.549422	0.420423	-0.252057	0.894204	-0.118120	-0.307833	0.431661	0.601085	0.081921	0.698056	0.608282	0.640784	-0.730452	0.313864	0.905916	-0.887720	-0.549131	-0.910892	0.902976	0.892486	0.343535	-0.261699	0.293483	0.143398	-0.592640	-0.513711	-0.706290	-0.125143	0.903268	0.209533	0.232524	0.521592	0.908539	-0.439285	0.716469	-0.310376	-0.918671	0.285095	-0.462561	0.896604	0.895967	0.008788	-0.237109	-0.736586	-0.907797	0.700294	0.096101	-0.893352	-0.731165	0.646376	-0.874712	0.094611	-0.641569	0.108753	-0.525531	0.695053	0.696342	-0.515037	-0.899586	-0.714118	0.285885	0.726284	0.622691	-0.693361	0.749599	0.752990	0.501479	0.202575	-0.321961	0.687115	-0.367202	-0.589652	0.029029	0.491960	-0.481540	-0.730702	0.686979	0.924733	-0.283682	0.272673	-0.902220	-0.290858	-0.057812	0.889607	-0.620954	0.482365	-0.402571	0.475462	-0.675035	0.883141	-0.380737	-0.409400	0.180335	-0.685578	-0.500870	-0.072421	-0.182175	0.462039	0.517071	0.846334	0.484877	-0.448191	0.536430	-0.219256	0.712429	0.284508	0.700751	-0.099270	0.343317	0.910519	-0.229799	-0.087822	0.362615	0.362526	-0.054368	0.277393	-0.692932	-0.688332	0.076468	0.093837	0.742945	0.497169	0.508424	-0.890564	-0.730528	-0.888331	-0.546427	-0.283165	-0.725499	-0.365426	-0.335792	-0.902325	0.712846	-0.887979	-0.124077	0.675332	-0.879430	-0.514240	-0.037333	-0.708587	0.671655	0.089892	
96.000000	-0.163573	-0.105731	-0.706180	-0.072747	0.898223	0.025538	-0.626349	0.911487	0.914234	-0.370215	0.694950	0.891458	-0.299430	0.707442	0.423365	-0.519463	0.515881	0.368046	0.482557	-0.093404	0.453690	0.537661	-0.454230	-0.903374	0.181402	-0.896651	-0.863957	0.924691	-0.318812	0.156867	-0.121066	0.321299	-0.896152	-0.190827	0.247198	0.901441	-0.663243	0.537702	0.236645	-0.111276	0.531646	-0.326355	0.918211	-0.729959	-0.527921	0.037440	0.882331	0.685182	-0.194229	-0.448621	0.345591	0.709057	-0.518554	0.712774	-0.700276	-0.498748	-0.065538	-0.278270	0.032419	-0.062710	-0.711022	0.135285	-0.903877	-0.561909	0.706390	0.319970	-0.362042	-0.549564	0.902511	0.234075	0.639992	-0.528135	-0.311770	-0.271353	0.233320	0.492554	0.692581	-0.117543	-0.347850	-0.745239	-0.019662	-0.888985	-0.078151	0.706978	0.469823	0.899673	-0.550807	-0.665209	-0.452730	0.509798	-0.144903	-0.675118	0.330075	0.059026	-0.501021	-0.412319	-0.103394	0.112930	-0.901972	-0.000837	-0.902715	0.200536	0.124727	0.117985	-0.200665	0.530895	-0.219294	-0.903471	0.872890	-0.915467	-0.886542	0.394245	-0.917986	-0.745476	-0.183439	0.904128	0.516086	0.150392	0.127857	-0.285905	-0.731916	-0.708283	0.898074	0.893505	0.082653	0.308531	0.396218	-0.895769	-0.678866	0.346790	-0.401157	0.901227	0.028267	0.900591	0.627601	-0.909778	-0.325414	0.366266	-0.731507	0.734676	0.072904	-0.692943	0.704061	0.542617	0.517171	-0.713879	-0.339938	-0.042599	0.878118	-0.545817	0.011829	0.510156	0.902983	0.454462	0.900482	-0.168776	-0.920449	0.762612	0.314871	0.286571	0.001548	-0.488096	-0.687697	-0.288223	-0.892640	-0.377457	0.706756	0.095017	0.335513	-0.297224	0.732805	-0.722319	-0.502233	0.262111	0.208191	-0.495405	0.135527	0.699240	-0.873806	-0.913630	-0.893911	0.578306	-0.661113	-0.900935	-0.507888	-0.179545	0.298116	-0.700586	0.592647	0.712110	0.728722	-0.334448	
97.000000	-0.334856	-0.270530	0.215472	-0.178703	0.454186	0.344645	-0.734908	0.484707	-0.736225	-0.676301	0.109155	0.908938	0.905901	-0.479661	-0.714013	0.151793	-0.904672	-0.316758	0.880301	0.373866	-0.269546	-0.892729	-0.206887	0.375457	0.397111	-0.704399	0.612587	-0.056309	0.590813	0.906344	0.674200	0.301703	-0.330373	0.542280	0.713764	-0.894696	0.586788	-0.689313	-0.384304	0.910313	0.861191	0.913434	-0.110400	0.560273	-0.118331	0.037320	-0.511245	-0.150514	-0.698517	-0.884831	0.909772	0.735377	-0.713292	0.710103	-0.167804	-0.167309	0.475680	0.710985	0.297343	0.202511	-0.486080	0.731921	0.904621	-0.900864	-0.421878	0.328773	-0.166411	-0.426499	-0.251397	0.730681	-0.885410	0.310556	-0.138515	0.909150	0.214761	0.385274	0.342832	0.904836	-0.904639	0.086886	-0.691183	-0.044273	-0.897461	-0.903369	-0.911497	0.744179	-0.005723	0.738493	0.122356	0.571472	0.015674	0.385544	0.267333	0.008755	-0.000750	-0.741108	0.494350	-0.500094	-0.499787	0.103239	-0.543649	-0.657375	0.367447	0.537206	0.150326	-0.379810	-0.540167	0.542141	0.043109	-0.069886	0.098699	0.149985	-0.487677	-0.897948	0.120785	-0.911229	0.900969	-0.044654	-0.896876	-0.515769	-0.709083	-0.255948	0.027698	-0.535410	-0.896698	-0.114634	0.323666	-0.902345	0.354360	-0.335356	0.697163	0.722801	0.623975	0.511048	-0.334609	-0.039210	-0.869842	0.916528	0.245870	0.729953	-0.081061	0.219156	-0.012384	-0.279690	0.759427	-0.668873	0.494287	0.120851	0.526399	-0.900653	0.432272	-0.117197	-0.521527	-0.382294	0.747323	-0.203137	0.267871	-0.532917	0.711562	-0.458378	-0.366527	-0.724162	0.923475	-0.690303	0.193086	-0.710783	-0.699031	-0.470897	0.905881	0.175050	0.725000	0.101203	-0.086601	-0.901075	0.563138	-0.287844	-0.623334	0.905345	-0.283706	0.163273	-0.911476	0.531550	-0.614566	0.317904	-0.366502	-0.511442	-0.175575	-0.645772	-0.919116	-0.717834	0.910246	-0.273955	0.865919	0.550789	
98.000000	0.714280	0.318293	-0.887087	0.223953	0.894719	0.725686	-0.000273	0.687810	0.534744	-0.904867	0.720956	-0.483811	0.146658	-0.445517	-0.909978	-0.020671	-0.328590	0.894581	-0.737798	-0.622072	0.121404	0.203267	0.090979	0.904147	-0.903560	0.900191	-0.906023	-0.694485	-0.735232	0.404731	-0.739453	-0.165562	0.900313	-0.189078	-0.296614	-0.900686	0.139253	-0.918008	-0.381756	-0.673803	0.911105	-0.913868	-0.627714	0.233161	0.335891	-0.894794	0.285532	-0.108156	0.707080	0.891979	0.435383	0.680529	-0.488427	0.706793	0.296726	0.124643	-0.902485	-0.479443	0.669570	-0.698722	0.661559	-0.074073	-0.707183	-0.381876	0.338475	-0.530958	0.904786	-0.579463	0.887625	-0.014474	-0.124307	-0.003989	0.511679	0.889299	-0.535059	0.904588	-0.205669	0.330561	-0.556787	0.480632	0.470346	0.044789	0.486263	0.279791	0.477800	-0.171548	-0.714457	-0.884634	-0.007084	-0.578332	0.029680	0.411367	0.713678	-0.262520	0.111990	-0.238703	-0.283741	-0.280731	-0.333448	-0.093822	0.672813	0.122452	-0.909717	0.462012	0.091736	-0.017407	-0.117462	0.897683	-0.053598	0.189260	-0.219040	-0.510735	0.718942	-0.902279	0.317656	0.905971	0.261646	0.336338	0.321397	-0.319267	0.900240	-0.376630	0.662921	0.696405	-0.143370	0.525397	-0.557911	-0.077972	0.612159	0.493217	-0.906191	-0.263833	0.532298	-0.559613	-0.427855	0.293319	0.190504	0.555629	0.912598	0.377431	-0.714133	0.867921	-0.269527	0.134168	-0.561007	-0.514264	0.397572	0.486866	-0.499051	-0.907676	-0.718722	0.054365	0.218610	0.747659	-0.355013	0.516747	-0.905599	0.691589	-0.102090	-0.180371	-0.574870	-0.726765	0.898017	0.912881	-0.518057	-0.261589	0.895300	0.172720	-0.901884	-0.901050	-0.067533	-0.371263	-0.714265	0.637907	0.529670	-0.362898	-0.469737	0.081253	-0.233892	0.707808	0.031440	-0.764747	-0.087801	-0.911050	-0.398267	-0.433042	0.855571	0.546059	0.208818	-0.688306	0.885920	-0.747624	-0.178166	-0.713910	0.432655	-0.722948	
99.000000	0.271039	-0.891273	-0.304399	0.110770	0.370701	0.082513	-0.524664	-0.883394	0.264465	0.909617	-0.909084	-0.903497	0.738894	0.773769	-0.711623	0.710902	-0.710216	0.097243	-0.308753	-0.318963	0.717761	0.388681	-0.742437	0.911648	0.460620	-0.305412	0.483612	-0.504936	-0.084887	0.440957	-0.279949	0.734250	0.671281	-0.923935	-0.892547	-0.306391	0.053362	0.904610	0.901263	-0.899096	-0.165144	0.906909	0.056020	0.200054	-0.283288	-0.524692	0.070119	-0.125187	-0.503744	-0.448273	-0.903562	-0.079603	0.704534	-0.561428	0.298019	-0.670140	-0.719806	-0.480058	0.736837	-0.005008	-0.091204	0.025701	0.078872	-0.912553	0.534758	0.691060	0.362721	0.741392	-0.220606	-0.741258	-0.292545	0.328642	0.897187	0.907957	-0.066452	0.703908	-0.547808	0.883718	0.711935	0.196328	-0.896348	0.388936	0.076051	0.563666	-0.878396	-0.713635	0.556675	0.051966	-0.120422	-0.908077	0.465631	-0.892021	0.141644	0.397232	-0.105942	-0.395927	-0.366049	0.905492	-0.903513	0.615159	0.107372	-0.538799	0.052871	-0.737768	-0.089016	-0.593098	0.471955	0.907868	0.905444	-0.675875	0.639108	-0.163136	-0.430248	-0.676973	0.900640	0.292704	0.896085	-0.465034	0.263936	0.227109	0.913899	0.699865	-0.114648	-0.187896	0.896818	-0.101058	0.884190	-0.274078	0.419331	-0.103239	-0.503134	0.016552	-0.495599	-0.207479	-0.306898	-0.099588	-0.695381	0.502677	-0.493089	0.658818	-0.905394	0.159225	0.718137	0.587694	-0.916314	0.864533	0.511584	0.263541	0.722685	-0.762318	-0.124628	0.231371	-0.680310	-0.289237	-0.705493	-0.102047	0.536479	0.478275	0.360463	0.395456	0.181999	0.023779	0.167547	0.726113	0.282442	-0.434644	-0.336779	-0.908784	0.909090	0.102365	-0.710971	-0.896518	0.086861	-0.328732	-0.696056	0.299308	-0.913076	-0.527175	-0.494242	0.227618	-0.276448	0.550131	-0.486071	0.439510	0.685965	-0.357434	0.312557	0.566962	0.907524	0.489772	0.263086	-0.208460	-0.646846	-0.670616	0.658670	0.915136	0.532627	-0.699077	
100.000000	0.898317	-0.162431	-0.164599	0.002437	-0.010948	0.672376	0.051247	-0.509356	0.551879	-0.720723	0.678971	0.516314	0.672581	0.299419	-0.931315	0.593567	-0.008419	-0.135878	0.918487	-0.706011	-0.655621	-0.914809	0.125516	-0.287077	-0.734422	-0.305386	-0.080703	-0.342892	-0.713977	0.895242	0.449067	-0.017464	-0.721529	0.010461	-0.597788	-0.157486	0.058473	-0.894032	-0.908275	0.917461	-0.116025	0.213344	0.420690	-0.574566	-0.285911	-0.686427	-0.202729	0.743121	0.913352	-0.352721	0.446933	0.885334	0.908375	0.736504	-0.486611	0.269345	-0.338167	0.903089	-0.375014	-0.907789	0.492781	0.416800	-0.889920	-0.895503	-0.145839	-0.531296	0.254255	-0.909029	0.893883	0.557310	0.343778	-0.742772	0.080561	0.281412	0.891696	-0.902164	-0.709006	0.229344	0.339763	0.538029	0.255287	-0.455395	0.167010	-0.676535	0.494162	0.678058	-0.921587	-0.294800	-0.071876	0.440700	-0.905404	0.245262	-0.617823	0.679091	-0.538049	0.066665	0.897619	0.029044	0.214970	-0.073602	-0.717796	-0.524269	0.716724	-0.309075	-0.532427	0.895308	0.890165	0.381884	-0.902811	0.070251	-0.443449	0.495414	-0.157065	-0.898188	0.269593	0.130129	-0.882237	0.412037	-0.054142	-0.708401	0.247858	0.908515	0.739594	-0.709331	0.653968	0.898898	0.340454	-0.237760	0.466331	0.199848	-0.758016	0.571822	0.278717	0.341051	0.483262	-0.386997	-0.638401	0.423441	0.543858	-0.198337	-0.696418	-0.721786	-0.413556	-0.255506	0.649966	-0.512863	0.049806	0.886129	0.704122	-0.081203	-0.885839	-0.123378	0.131233	0.507440	-0.374921	-0.059882	-0.137440	0.914012	0.051516	0.073453	0.469810	-0.915383	0.881708	0.209097	-0.320811	0.137820	-0.550120	-0.398612	-0.317378	-0.444984	0.677279	-0.901312	0.873720	-0.528825	-0.221202	-0.213378	-0.415767	0.705559	-0.901318	-0.484343	-0.492133	-0.768204	-0.491711	-0.581738	-0.274462	0.352057	0.236730	0.713953	0.881881	0.909166	0.664799	0.101225	-0.241295	0.568348	0.705531	0.715234	-0.867116	0.750508	-0.902927	-0.679561	
