cycle	penal	iter	obj
1	3	1	430.645
1	3	2	273.234
1	3	3	197.301
1	3	4	161.58
1	3	5	148.766
1	3	6	138.74
1	3	7	130.507
1	3	8	123.123
1	3	9	117.947
1	3	10	114.087
1	3	11	110.682
1	3	12	107.642
1	3	13	104.795
1	3	14	102.107
1	3	15	99.6286
1	3	16	97.2888
1	3	17	94.8179
1	3	18	92.3548
1	3	19	90.5651
1	3	20	89.4068
1	3	21	88.5996
1	3	22	88.0664
1	3	23	87.6438
1	3	24	87.3516
1	3	25	87.1086
1	3	26	86.9224
1	3	27	86.7958
1	3	28	86.6895
1	3	29	86.6052
1	3	30	86.5197
1	3	31	86.4554
1	3	32	86.4133
1	3	33	86.3606
1	3	34	86.3069
1	3	35	86.2725
1	3	36	86.2506
1	3	37	86.2161
1	3	38	86.1968
1	3	39	86.1839
1	3	40	86.1764
1	3	41	86.1526
1	3	42	86.1436
1	3	43	86.1195
1	3	44	86.111
1	3	45	86.1082
1	3	46	86.0891
1	3	47	86.0849
1	3	48	86.0886
1	3	49	86.0749
1	3	50	86.0765
2	3	51	81.4194
2	3	52	80.1414
2	3	53	79.052
2	3	54	78.2184
2	3	55	77.7099
2	3	56	77.4661
2	3	57	77.3833
2	3	58	77.2902
2	3	59	77.2633
2	3	60	77.2066
2	3	61	77.191
2	3	62	77.2262
2	3	63	77.2176
2	3	64	77.2248
2	3	65	77.1922
2	3	66	77.1604
2	3	67	77.1537
2	3	68	77.1566
2	3	69	77.1357
2	3	70	77.1572
2	3	71	77.1483
2	3	72	77.1465
2	3	73	77.1757
2	3	74	77.1995
2	3	75	77.1938
2	3	76	77.1948
2	3	77	77.1988
2	3	78	77.2046
2	3	79	77.184
2	3	80	77.2002
2	3	81	77.1849
2	3	82	77.177
2	3	83	77.2002
2	3	84	77.1893
2	3	85	77.1843
2	3	86	77.1818
2	3	87	77.1806
2	3	88	77.18
3	3	89	73.8832
3	3	90	73.1858
3	3	91	72.6876
3	3	92	72.3056
3	3	93	72
3	3	94	71.7815
3	3	95	71.7009
3	3	96	71.6386
3	3	97	71.6359
3	3	98	71.6307
3	3	99	71.5713
3	3	100	71.5546
3	3	101	71.5781
3	3	102	71.5299
3	3	103	71.5268
3	3	104	71.5118
3	3	105	71.4925
3	3	106	71.4778
3	3	107	71.5121
3	3	108	71.4694
3	3	109	71.4895
3	3	110	71.4972
3	3	111	71.5011
3	3	112	71.5006
4	3	113	69.786
4	3	114	69.5795
4	3	115	69.4274
4	3	116	69.4279
5	3	117	68.4261
5	3	118	68.3699
5	3	119	68.3055
5	3	120	68.2391
5	3	121	68.1753
5	3	122	68.1145
5	3	123	68.0613
5	3	124	68.0134
5	3	125	67.9682
5	3	126	67.9255
5	3	127	67.887
5	3	128	67.8521
5	3	129	67.8195
5	3	130	67.79
5	3	131	67.7641
5	3	132	68.237
5	3	133	67.8191
5	3	134	67.7772
5	3	135	68.2375
5	3	136	67.8279
5	3	137	67.7862
5	3	138	68.2377
5	3	139	67.8338
5	3	140	68.2817
5	3	141	67.8813
5	3	142	67.8321
5	3	143	68.274
5	3	144	67.8781
5	3	145	68.3168
5	3	146	67.9237
5	3	147	67.8751
5	3	148	68.3089
5	3	149	67.9197
5	3	150	68.3517
5	3	151	67.9645
5	3	152	68.3944
5	3	153	68.0099
5	3	154	68.4375
5	3	155	68.0556
5	3	156	68.4801
5	3	157	68.1003
5	3	158	68.5217
5	3	159	68.1438
5	3	160	68.5627
5	3	161	68.1859
5	3	162	68.1287
5	3	163	68.5449
5	3	164	68.1688
5	3	165	68.5853
5	3	166	68.208
